/*产品名称：a
产品代码：P201503211523516868
批次号：B201503221402189600
订单号：4748584062812483*/

1503304593

1503308602

1503300230

1503303598

1503309256

1503305186

1503304142

1503301720

1503300862

1503301838

1503303725

1503300225

1503305725

1503303961

1503309227

1503301746

1503308539

15033010000

1503301538

1503301778

1503304635

1503303992

1503305817

1503304743

1503309840

1503305656

1503303614

1503309769

1503301706

1503303265

1503307130

1503307584

1503302159

1503302346

1503302992

1503304097

1503305098

1503303446

1503305214

1503309044

1503306257

1503306803

1503309006

1503301136

1503308655

1503306030

1503303426

1503305277

1503303590

1503309583
