/*产品名称：a
产品代码：P201503211523516868
批次号：B201503221402189600
订单号：9535729785217988*/

1503319737

1503313326

1503311933

1503310834

1503312331

1503319821

1503316401

1503314164

1503314946

1503311498

1503319427

1503319209

1503319056

1503317486

1503316138

1503317186

1503310572

1503316155

1503313167

1503310662

1503314218

1503316659

1503313206

1503310435

1503313535

1503313372

1503317355

1503310741

1503319294

1503312344

1503311862

1503319221

1503319145

1503314178

1503312953

1503311077

1503319500

1503314770

1503314676

1503310039

1503313620

1503317345

1503318943

1503315144

1503311505

1503314448

1503310502

1503313330

1503314243

150331510646
