/*产品名称：长城葡萄酒
产品代码：P201503171309123717
批次号：B201509231352328852
订单号：1058621140694085*/

0923374194

0923085771

0923564998

0923275246

0923548092

0923766355

0923843959

0923480882

0923200164

0923686531

0923322684

0923263238

0923440636

0923952454

0923290034

0923718652

0923332294

0923845237

0923731696

0923026189

0923941870

0923368689

0923480591

0923178619

0923686659

0923310601

0923360506

0923531449

0923107465

0923800347

0923383837

0923148549

0923620098

0923220769

0923030698

0923607791

0923248456

0923299862

0923369628

0923522452

0923541789

0923730310

0923902127

0923003089

0923856070

0923112594

0923408406

0923829197

0923673590

0923368626
