/*产品名称：a
产品代码：P201503211523516868
批次号：B201503221402189600
订单号：4897098045042386*/

1503316833

1503312624

1503315616

1503314786

1503319396

1503315477

1503313532

1503311880

1503316763

1503313555

1503311393

1503318875

1503315040

1503311983

1503310531

1503319649

1503316892

1503316561

1503318331

1503317026

1503318191

1503314430

1503319446

1503317427

1503319720

1503310220

1503313460

1503312200

1503316258

1503316525

1503310986

1503314713

1503318604

1503311992

1503311055

1503314456

1503316881

1503313992

1503312559

1503317825

1503319719

1503315783

1503319037

1503316969

1503315875

1503311552

1503319730

1503312600

1503319433

1503318593

150331264617
