/*产品名称：三鉴砚
产品代码：P201503171553557996
批次号：B201503171554559212
订单号：9026717743146250*/

150317072635

150317095026

150317570287

150317973061

150317500853

150317468687

150317216283

150317075722

150317313031

150317323103

150317635943

150317000373

150317905894

150317988380

150317276724

150317632539

150317448842

150317437787

150317040134

150317984741

150317746589

150317331660

150317196903

150317931777

150317682967

150317240129

150317533650

150317813090

150317208337

150317678099

150317042450

150317067055

150317683045

150317393348

150317824457

150317030808

150317085684

150317690740

150317178031

150317908461

150317037095

150317234359

150317993318

150317050819

150317833024

150317902790

150317577563

150317855368

150317413232

150317491444
