/*产品名称：臻农燕窝
产品代码：P201503171438458876
批次号：B201503171442406575
订单号：3497528983549855*/

011012438605

010082332452

011052130103

010032839558

010072334505

010042133098

011002332699

011032432443

011092333580

010012838114

010022433512

010042132497

011002931404

010032538880

010052937117

011032634308

010022936954

010012637998

010072630764

011012539411

010082939960

010052432236

010022339881

011002337232

011022738042

010002130956

010042937149

010092834996

010032436524

010022030199

011022132105

011012430666

011012939568

010022730085

011062739181

010002933476

010032336125

011002830374

010022737117

010032732660

010032837642

010012033811

011052830584

011072837751

011022237110

011092938815

010082731770

010002539263

011062333444

010012133434

010002637218

011012535990

010062434850

011032631336

010082034598

011012536867

011062334341

011012834162

011072134865

011022336211

011072438251

010092835212

010002038071

010012135373

010062239491

011052238524

010072830705

011032836529

011012938747

011002134193

010072735610

011042835198

010032434198

011092339457

010062632700

011092637474

010072231098

011002239545

011012337552

010042836853

011082433671

011062035241

010002134249

011062131128

010072236246

011002835220

010082937537

010012730409

010072232359

011072530829

010062233380

011042334162

011082631524

011062238027

010092733035

010032333027

011082434419

010012632330

010072434180

010092539029

010092239867

010092937292

010072736644

010012336012

010002337336

011082733375

011002838591

010042932888

011052831980

011012131654

010012338056

010072438563

010012231839

010022435693

011032735270

010072337146

011042231606

010012536121

011032131492

011092332880

010022233784

011042839338

011012030447

010012139469

011032835039

010022832448

011022937671

010072037334

010042231327

011042634080

010032931682

011062233025

010062130744

010012533522

010052230045

010092234771

011092636750

011012939853

010052537751

010022833038

011042535490

011012632211

011042436560

010012333280

010002138113

010012338944

010032335323

010052231041

010092738136

010002738707

010072035730

010012130539

011052635648

011052930449

011052736032

010022535477

010022735306

010082030170

011052034591

011082736472

011032231267

010052638140

010092137110

011072635699

011012331261

010082434306

011092134129

011032532240

010002637743

010002533090

011032435830

010002136288

011002230494

011042939812

011062231186

010002736764

011032131287

010012633581

011042833333

011012337278

010092138012

010002737187

011082536268

010082035840

010062135109

010062035887

010022237805

010052637835

011052530380

011062930638

011022132390

011062836733

010052236125

010032333608

011002031696

011002037295

010052738991

010072538727

010022633257

011062534921

010042839935

011052231899

010032230624

010032534136

010012334909

010062938253

010002531029

010022338540

010012230581

010092531870

010082833267

010022339516

011002937067

011072530472

011042836252

011062539702

010092538955

010032134147

011062433477

010062638979

010092333645

010092935996

010002634755

010002534311

011072037401

010062535069

010042837560

010092333011

010072936476

011022337869

011002631636

011092733288

010062133064

010052934489

011002332264

010082532247

011072236336

010012235165

010032135949

010002339417

010082035187

011042337389

010052730913

011052133775

010022437927

010092238018

010002531336

010062339701

010052638165

010092937019

010042432090

010082131030

011002337502

011052633831

011052932559

011002331816

011002533785

010012933001

010022532276

010072135912

010092235326

010082834905

010082939966

011002437998

010052834708

010092937968

010022736972

011082933820

011042533943

010092135730

010052432135

011052431717

011082031554

010032339078

011062339663

010042932060

010032733335

010042133568

010012834472

011072038647

010032330558

010042731917

011002139210

010002838030

011092739059

011092737272

011012530835

010062637309

011092935853

010052736670

010062033596

010082234264

010062930183

010052731534

011062238324

010052038945

011032634760

011012131687

010062234822

010062238599

010022935664

010082038711

010052235808

011022230703

010042437674

011092736675

010022537350

011022330346

011092834941

010002835955

011022039687

011052230466

010092938817

011082537130

011092935772

010082830728

011082034288

010092938780

010052935770

010032136597

011052536204

011072931761

011032433829

010062637360

011072533654

010092535558

010012530219

010012336438

011092334574

010072838971

011022439947

010092739142

011082238147

010002535961

010012234660

011042835570

010092134632

011012636140

010072631713

011062536692

011012133074

011042636385

011072330258

010012139702

010032437260

010082930205

011032535773

011092135958

010082538359

011002938063

010052938833

010052738870

010022338250

011002434725

010032835542

011062632801

011082032981

010092338631

011082237101

011022132712

010082034368

010012637541

011062339007

010002833329

011052630923

010012530640

010042435002

011082432381

011072139807

010012432190

010042739429

011052632504

010022235217

011012031203

010002633474

010002535451

010072331018

011012837093

010072038025

011032231815

010022039329

011032534327

011002231133

011092934697

011002032225

010092332647

011042436914

010012333003

010012233756

010092633713

010002732091

011012630960

011002037533

010052733157

010082532737

011002733755

010012136290

010082433867

010072332592

010052138966

011062037934

010052638737

011042836884

011042034604

011092630046

011072432748

010012030631

011062837935

011022936982

010072438788

011082430706

010012430786

010022535323

010092430649

010092536148

011042931198

011072233382

011052834152

011092537927

010072637521

010072536259

011042131903

011092533294

011092635746

011062338637

010052131993

010082335613

010072732193

010032332724

010032035963

011002931461

010012535356

010022433548

010072831641

011012135690

010082033738

011042537991

010022637253

010022235252

011092738226

011082534200

010062733758

010012830257

010082630945

011042638280

011012832852

011002436454

011022731918

011042038049

010052930784

011082834225

011032231193

011062430984

010082837878

011022032068

011062536023

010022530781

010022836149

011062833582

010052733043

011062534211

010002632304

010062032431

010052637263

010022839045

011022731023

011042438054

010042432854

010002539325

010082431128

011052233720

010012130483

011032330475

010002639033

011062232042

010012035609

010022832253

011022038827

011002135250

010002532433

010092038798

010022834099

011052132602

010042634121

010072439962

010072431722

010062033391

011032537860

010042231352

010092130765

010062438003

010012336989

010072534315

010002733327

010092732042

010082930020

011092030493

011032532829

011042734307

010082439677

011022831405

011072132487

010032533082

010002830119

010032431075

010012736759

011062032028

011062438230

010042435515

011022638906

011012333159

010002939249

010002930618

011062231869

011022233056

010032038970

011062536578

010022833389

011092930301

011042431594

010072538670

010052032494

010062239829

010002331907

010032734211

010002035663

011072434661

011002838666

010032938493

011022837143

011032938320

010042735525

010012334340

010032930657

010032335796

011042538661

010002438495

011092539025

011062932991

011012632840

010032830797

010092630988

010062139401

011042732826

011012031606

011012031865

010022333720

011002337184

011022630891

011062632328

010022131959

010002434580

011012637877

010022530537

011012537121

011082638604

011082132350

010092032582

011002534661

010082939739

011062731351

010052138302

010082430547

011052230881

011002834921

011012937057

010022538568

010052932063

010032933668

011022135718

011042730756

010022639624

011092633815

011032937198

010012736773

010082934851

010062333552

010092131882

010012638778

011022335939

010052230545

011002937008

010082734410

010022238210

011012836824

011072331616

010002337095

010002134585

010022437917

011052739220

011042236466

011002239982

010022737567

010022836809

010052532012

010002830278

010082533530

011052939097

010052133285

011072536926

010042438125

010092832498

010002234803

010062834287

010022735128

010032234900

010042532777

011002639497

010072139586

011062530017

011032733803

010082731118

010012435285

010052936695

011052935014

010052035017

011052332180

010022235572

011082433406

011072834504

010042332976

010022931614

010032132751

010022535827

011092738255

010072238759

011002834533

010052433482

010092632425

011042533062

011072535294

011092032024

010012537174

010082132842

011022031582

010092937163

010032839294

011012138938

011042634513

011012231422

010042931817

010032235317

010032938282

010012032758

011042334508

010092332281

011072635265

010072033289

011062933979

010002638207

011092036737

010092934155

011002732912

011062235031

011032335742

010022239044

011072732996

011032938912

010002839521

010012837393

011092739008

010002137945

010032135965

010072538943

010042534371

011092632133

011002131893

011062639804

011082433175

011022330475

011082130292

011072832320

011002432363

010092335312

010082730595

010062132192

011052335711

011062030657

011042236240

010052837769

010052439520

010032139402

011012437130

010062536377

011072736882

011082637094

011042934798

010052635120

010062639399

011092033858

010052735828

011092835750

010072936851

010062732149

010082537105

011032232400

011002133774

011032932900

011032738080

011012131531

010092036765

010002938965

011032135658

011012033175

011062436711

011022834269

011062036745

010002837050

011042937105

011042036867

011092832391

011092132290

011082533885

011072531728

011032731198

010012433791

010062333846

010052530036

010002035401

011062032182

010092235826

010062338187

011032138850

011072130605

011072530131

010012834874

011022733914

011062739122

010062033401

011062432013

010022833724

011032135727

011072339777

011022238341

011062838850

011082135017

010082638176

011062837044

010072636433

011032830649

011092435019

011092438054

011032639088

011042930066

011062438806

011062933562

010012237509

010022332223

010002033041

011062635975

011032835914

010092130699

010072438846

011072038274

011012035690

010082231937

011012038942

011042635718

010012731460

011052830947

011032934092

010082738555

011082531311

011062535531

011022338100

011012038283

010072832361

011072233204

010072334927

011002136895

011082733788

010032839391

010082336715

011002533525

010032739917

011012337508

011062334916

011042939474

010092739035

010002634144

010032539282

011022434097

010062237780

011022732669

011072337979

010042732852

011012032442

010042233187

011002139989

010052535540

010052434240

011032634899

010062138655

010002030941

011092437278

010092836049

010072839036

011002231797

011022933694

010002930724

010012733331

010072236318

011002338650

011012630286

010032430993

010092331939

011012031270

011052836001

011002234819

010052337831

011052635364

010012038922

010002932338

011072636351

011082539925

010082837633

011092235821

010092738643

010002539376

011042238260

010022530158

011082032429

010052233948

011062435167

010062836205

010062037444

010032230476

010022535990

010042331879

010072433163

011032837087

010032135777

011062631862

011042631009

011042334224

011062837276

011012830773

010002637557

011062232946

010062938692

010032639690

010032735131

010082239683

010062631005

010032535872

011062230727

010032531425

011072134512

011082834938

010072232007

010062238853

010012138958

011052437543

011072336246

010062534647

010092332495

011012930727

011012431355

011092131959

010072332956

010052537230

011052335592

011012536640

011072430660

011062737680

010052330277

010032537728

010042838097

011012033446

010032632147

011022632501

010072933191

011022736818

011012834429

011002636897

011032035441

011032933915

011032536458

011062530153

011012139674

010092031043

010072133754

011002233318

011062834820

010082435507

010032039626

011032036858

010022232990

011072233797

010082039316

010092632115

011082837468

011022533370

011092436944

010082539365

011012533063

010092836896

010012938525

011042033153

011052932900

011092634877

011032239182

010062534907

010052432741

010022630671

010062232766

011032535582

011022134198

011072334282

011032236039

010042236639

011012337900

010012537939

010052734611

011012238119

011042436267

010042334111

011082034482

010032231872

011022233691

010032335456

010022431450

010032838665

011072730126

011002537005

011042237401

010062133084

010002531386

011002131488

010042137580

010002932408

011072537891

011082437969

011062137988

011032831248

010082238090

010022035512

010092739372

011012832825

010092531804

010032430902

011012039226

011052736101

010082136804

010012530927

010052039250

011052231413

010002733423

010052831843

010042335072

011012132709

011052431460

010082935726

010022130082

010012331286

010062730055

011052136171

011032333286

010092238217

010012737191

011082131868

010042839587

011072637651

011082835400

011012334268

010042639429

011062538735

010032039705

011052631344

011042134089

010042833495

011072832934

011052135779

011082435298

011012830157

010092530375

010072032367

010062033671

010072333108

011092235841

010052537443

010022939690

010072235749

011022938137

011092131189

010062333191

010052739344

011022234692

010012339586

011032337723

011072139702

010082830769

010052638247

011052633578

011072433764

010082234393

011052437485

010062839466

010082330750

011092534545
