/*产品名称：a
产品代码：P201503211523516868
批次号：B201503212141331024
订单号：6124449747479539*/

150321874100

150321580300

150321229718

150321040653

150321671949

150321504404

150321915868

150321378307

150321458121

150321198078

150321647442

150321378317

150321872162

150321302358

150321031848

150321728885

150321191603

150321195518

150321576251

150321394266

150321005979

150321377851

150321961170

150321154149

150321534892

150321244766

150321350692

150321621272

150321622392

150321713539

150321054082

150321105130

150321691458

150321821962

150321296155

150321911190

150321037352

150321332648

150321986213

150321233928

150321326934

150321275099

150321259128

150321981232

150321675992

150321528755

150321712482

150321477822

150321812267

150321416613

150321384865

150321669257

150321118947

150321162298

150321279788

150321970242

150321742474

150321091513

150321802302

150321405158

150321276992

150321600345

150321707155

150321756365

150321467535

150321327310

150321819365

150321878206

150321907729

150321709865

150321564379

150321615546

150321370727

150321358706

150321199262

150321016461

150321948294

150321543018

150321018837

150321183264

150321800937

150321097600

150321880107

150321845614

150321027202

150321372411

150321686016

150321962497

150321395224

150321036858

150321559529

150321266405

150321958827

150321926290

150321381577

150321830123

150321399260

150321131841

150321665644

150321324406

150321591248

150321861250

150321532225

150321384327

150321949474

150321784773

150321320148

150321827264

150321567834

150321228009

150321135086

150321258835

150321544440

150321351484

150321448455

150321635548

150321384363

150321680481

150321017444

150321312242

150321363172

150321260946

150321019739

150321459827

150321886140

150321394549

150321398908

150321785622

150321184431

150321542845

150321686530

150321456454

150321205319

150321373965

150321505530

150321934853

150321083592

150321228678

150321803232

150321498923

150321924111

150321842331

150321324495

150321412059

150321753377

150321581827

150321395508

150321046978

150321735548

150321440005

150321415135

150321180045

150321032493

150321906041

150321057510

150321690861

150321463970

150321087768

150321323545

150321343595

150321604614

150321413199

150321452483

150321533563

150321023430

150321686262

150321668575

150321113185

150321005882

150321030831

150321796925

150321072404

150321266595

150321305808

150321775379

150321076199

150321282569

150321280093

150321300477

150321143972

150321652811

150321535644

150321179110

150321764215

150321926853

150321090689

150321107511

150321994718

150321182734

150321792255

150321017037

150321485035

150321633114

150321889851

150321856834

150321908640

150321893473

150321015631

150321674119

150321613016

150321725371

150321526587

150321042366

150321655350

150321136055

150321510663

150321959754

150321177323

150321440228

150321985518

150321531828

150321323048

150321788886

150321128831

150321595262

150321512636

150321529920

150321944630

150321174096

150321150935

150321703995

150321200588

150321354340

150321851020

150321855801

150321345195

150321052053

150321632567

150321875191

150321930941

150321022581

150321125884

150321745541

150321087620

150321757583

150321026548

150321298501

150321534761

150321550559

150321598440

150321658436

150321782695

150321358257

150321742576

150321019578

150321989468

150321365375

150321270550

150321707267

150321975613

150321718202

150321104041

150321943371

150321514882

150321992977

150321715691

150321329634

150321311676

150321245909

150321486141

150321549084

150321396028

150321167247

150321920704

150321037787

150321610382

150321973760

150321940564

150321294964

150321791591

150321911341

150321272659

150321983610

150321434711

150321705542

150321494381

150321004393

150321576942

150321914789

150321016201

150321649254

150321611124

150321093739

150321404762

150321316589

150321440608

150321914234

150321391471

150321516359

150321764282

150321961262

150321055622

150321709809

150321484118

150321706437

150321448423

150321945618

150321585559

150321063862

150321373818

150321737642

150321910259

150321214078

150321445652

150321501516

150321627891

150321706645

150321506675

150321947687

150321695543

150321278202

150321176934

150321292482

150321019625

150321857966

150321125026

150321506360

150321283048

150321066954

150321048364

150321127558

150321371401

150321797620

150321452930

150321134012

150321915506

150321920982

150321659610

150321127257

150321485790

150321652432

150321596319

150321165566

150321637181

150321527911

150321655513

150321067311

150321343541

150321449524

150321997917

150321655548

150321250472

150321327921

150321222763

150321952672

150321105852

150321938962

150321080433

150321090160

150321218420

150321626599

150321617129

150321315782

150321268493

150321776272

150321332997

150321973772

150321753807

150321979272

150321719859

150321595305

150321989327

150321456521

150321340173

150321902207

150321713728

150321513963

150321213061

150321598988

150321791634

150321001401

150321926426

150321187114

150321306960

150321540286

150321904889

150321848830

150321461990

150321654863

150321134519

150321650193

150321579847

150321158735

150321424520

150321435057

150321499170

150321445811

150321996258

150321282057

150321247228

150321377688

150321074057

150321727505

150321442532

150321324791

150321940289

150321742509

150321051827

150321542377

150321869318

150321343828

150321790337

150321596585

150321042666

150321062546

150321070656

150321724888

150321137367

150321433443

150321737300

150321940148

150321984452

150321864236

150321416290

150321144771

150321069986

150321102581

150321856989

150321738180

150321091533

150321317126

150321363827

150321712733

150321774600

150321775173

150321274404

150321997501

150321323866

150321286071

150321233967

150321540952

150321999595

150321552368

150321944253

150321937929

150321192643

150321288599

150321180388

150321691543

150321110413

150321391183

150321516550

150321367801

150321882892

150321939936

150321596986

150321063575

150321100173

150321666935

150321157126

150321658427

150321318516

150321514674

150321377584

150321017283

150321948408

150321925663

150321647163

150321503621

150321107000

150321417168

150321563805

150321208414

150321368123

150321660316

150321981157

150321307529

150321470082

150321968259

150321969528

150321613962

150321377785

150321635903

150321504294

150321875155

150321648244

150321549329

150321231150

150321952713

150321937462

150321693269

150321556165

150321910643

150321456621

150321593755

150321299229

150321746021

150321009472

150321364462

150321861561

150321918745

150321276102

150321199925

150321071620

150321249959

150321310211

150321203639

150321041833

150321743296

150321831847

150321063181

150321898634

150321488544

150321456878

150321592959

150321988983

150321690682

150321582464

150321104663

150321194373

150321315493

150321506782

150321057717

150321158422

150321396916

150321662021

150321590365

150321598184

150321256920

150321014946

150321068782

150321235287

150321475230

150321888332

150321790998

150321067689

150321350605

150321217552

150321143873

150321873907

150321845878

150321570116

150321957029

150321953555

150321599195

150321296743

150321412217

150321925894

150321668802

150321994475

150321291034

150321991439

150321821435

150321189431

150321472852

150321550841

150321280489

150321280281

150321277113

150321501346

150321401978

150321047073

150321067508

150321655883

150321218383

150321858925

150321866953

150321843692

150321268267

150321886234

150321036332

150321781370

150321984114

150321321906

150321486262

150321571600

150321340471

150321151685

150321488440

150321001248

150321065074

150321091534

150321550599

150321915368

150321326155

150321304679

150321967391

150321645037

150321943128

150321776427

150321236948

150321988178

150321360245

150321173706

150321803669

150321021509

150321639193

150321293318

150321066766

150321541128

150321161999

150321940359

150321383552

150321730706

150321927077

150321182437

150321895494

150321606925

150321047568

150321944395

150321515988

150321315107

150321205148

150321305162

150321921029

150321332028

150321249399

150321749127

150321748821

150321934406

150321261126

150321439463

150321720768

150321994731

150321239003

150321209139

150321004284

150321542164

150321358447

150321660515

150321564902

150321757696

150321420647

150321110147

150321296461

150321276003

150321733209

150321184525

150321070032

150321918068

150321141179

150321462985

150321244592

150321217132

150321157851

150321262734

150321824224

150321334700

150321845833

150321837965

150321563128

150321835309

150321677395

150321438474

150321946609

150321742599

150321137953

150321801653

150321369679

150321969111

150321761419

150321820603

150321412027

150321602357

150321548113

150321807760

150321834567

150321212177

150321758783

150321179026

150321415808

150321403965

150321883865

150321107925

150321623529

150321935385

150321941693

150321202688

150321255096

150321959770

150321597255

150321024458

150321206739

150321221380

150321036019

150321955517

150321083018

150321386480

150321637804

150321114225

150321854980

150321543189

150321626026

150321023382

150321467813

150321588951

150321016372

150321562407

150321581430

150321633291

150321854393

150321219580

150321116832

150321237410

150321635029

150321796872

150321842646

150321302520

150321329931

150321918252

150321019323

150321127899

150321695930

150321816208

150321908489

150321911175

150321957191

150321863430

150321315483

150321449297

150321094417

150321096410

150321152640

150321744009

150321802483

150321559072

150321262292

150321643550

150321208259

150321526690

150321252198

150321653333

150321437510

150321897002

150321077440

150321180890

150321154823

150321200198

150321765730

150321498095

150321081198

150321112686

150321037015

150321240220

150321086396

150321552496

150321260617

150321893801

150321237405

150321882990

150321138673

150321574038

150321733418

150321876169

150321119933

150321283577

150321448859

150321262279

150321235575

150321583278

150321021114

150321218431

150321320502

150321286482

150321807645

150321452421

150321560399

150321296981

150321675914

150321652802

150321467605

150321034939

150321686597

150321063083

150321802844

150321241185

150321455350

150321145070

150321083201

150321071574

150321755665

150321927281

150321939348

150321879271

150321576290

150321231383

150321511284

150321284697

150321875853

150321953525

150321097807

150321030214

150321351034

150321654384

150321540742

150321767440

150321585045

150321239930

150321720270

150321996662

150321079971

150321404096

150321851861

150321890167

150321021931

150321727490

150321683756

150321376874

150321469130

150321053846

150321936460

150321513362

150321729990

150321210356

150321267790

150321375608

150321023584

150321644693

150321141808

150321740663

150321416766

150321943152

150321506525

150321083290

150321771308

150321321412

150321075719

150321192866

150321608179

150321613637

150321882027

150321543672

150321828846

150321058504

150321958470

150321072668

150321225287

150321075084

150321355753

150321715240

150321001146

150321141434

150321293647

150321340934

150321615787

150321306299

150321536349

150321252669

150321491562

150321723521

150321139170

150321056296

150321104259

150321960211

150321068464

150321617057

150321915907

150321307392

150321479270

150321991531

150321154966

150321764133

150321464559

150321392662

150321393477

150321577475

150321947007

150321412565

150321085772

150321619681

150321910676

150321429783

150321789161

150321575519

150321094458

150321973671

150321637345

150321306848

150321823615

150321378544

150321491246

150321880065

150321893113

150321425729

150321345130

150321749969

150321345144

150321341084

150321169895

150321664951

150321776501

150321264557

150321188256

150321087166

150321262381

150321542636

150321936913

150321448675

150321240600

150321596179

150321253757

150321512811

150321404863

150321593363

150321073315

150321357859

150321769429

150321827219

150321993519

150321185974

150321203889

150321627225

150321678589

150321921512

150321807500

150321613953

150321611402

150321134818

150321181880

150321111848

150321201828

150321089774

150321961873

150321662164

150321243991

150321038417

150321723902

150321781613

150321281373

150321544199

150321177561

150321898401

150321429876

150321853651

150321221355

150321856838

150321684045

150321048368

150321311063

150321044406

150321797823

150321514541

150321617956

150321953367

150321552270

150321170860

150321109807

150321949035

150321184876

150321072274

150321405942

150321673732

150321464720

150321328927

150321237937

150321157457

150321759749

150321952143

150321834149

150321889689

150321327914

150321602612

150321220000

150321870482

150321827145

150321409823

150321075225

150321678685

150321431885

150321418342

150321579283

150321955009

150321753383

150321015448

150321388453

150321268137

150321872000

150321746215

150321839404

150321754951

150321611923

150321601066

150321472302

150321330590

150321578453

150321934417

150321555474

150321941673

150321531857

150321042629

150321441009

150321861230

150321342692

150321246062

150321602390

150321691612

150321830850

150321312628

150321356218

150321690574

150321189600

150321151980

150321430214

150321515778

150321393503

150321795720

150321362838

150321060558

150321271817

150321231410
