/*产品名称：a
产品代码：P201503211523516868
批次号：B201503221402189600
订单号：8593132280101381*/

1503310898027

1503310748731

1503311396012

1503311738381

1503311348633

1503311274125

1503310945290

1503310856611

1503310942158

1503311740446

1503311074220

1503310006578

1503310890218

1503310544275

1503310005368

1503311305199

1503311927260

1503310733043

1503311236326

1503311597779

1503310703815

1503310702806

1503311377041

1503310842872

1503310207213

1503310221170

1503310670763

1503310976962

1503311035225

1503311514269

1503311998329

1503310295407

1503310713668

1503311034547

1503311134851

1503311746771

1503311524303

1503311539818

1503311934681

1503311446591

1503311967857

1503311368903

1503311521802

1503310222850

1503311359440

1503310370492

1503310720617

1503311564655

1503311657826

1503310179280
