/*产品名称：a
产品代码：P201503211523516868
批次号：B201503221402189600
订单号：3881082983135481*/

1503314287

1503318215

1503310856

1503310199

1503312829

1503312522

1503310369

1503313614

1503313464

1503316519

1503314721

1503310673

1503319450

1503316245

1503313097

1503313259

1503316141

1503316865

1503311034

1503317915

1503318088

1503311815

1503317785

1503316496

1503314731

1503315312

1503316365

1503318972

1503319687

1503312019

1503316475

1503317263

1503319703

1503319748

1503317973

1503313832

1503310535

1503316726

1503314002

1503311056

1503317550

1503314154

1503312820

1503319727

1503319559

1503318756

1503316294

1503312058

150331712869
