/*产品名称：产品test1
产品代码：P201503311519201549
批次号：B201503311520235487
订单号：6127163426511263*/

04076627

04073237

04070198

04070262

04078786

04075690

04071061

04079153

04072966

04075104

04071432

04079071

04078606

04075778

04070392

04076837

04074594

04079165

04071806

04076989

04072685

04075814

04073631

04078642

04072357

04072836

04070254

04079184

04072594

04077179

04075403

04079346

04079394

04072470

04074200

04071434

04073745

04073732

04072534

04076776

04076838

04073591

04073932

04071711

04074259

04078154

04077912

04071464

04075829

04076871
