/*产品名称：a
产品代码：P201503211523516868
批次号：B201503221402189600
订单号：1341938693212942*/

1503311612

1503312710

1503317987

1503319555

1503311046

1503311799

1503310425

1503317502

1503314483

1503314902

1503314559

1503315911

1503312118

1503317547

1503316675

1503310826

1503315373

1503311117

1503314281

1503315962

1503311190

1503316413

1503319180

1503318807

1503316670

1503316043

1503315592

1503311633

1503318086

1503316440

1503316156

1503319293

1503313167

1503318656

1503319901

1503313708

1503313463

1503316976

1503314284

1503314071

1503317339

1503316577

1503319040

1503319752

1503316136

1503312920

1503314329

1503311012

1503316238

150331729752
