/*产品名称：铁皮石斛枫斗
产品代码：P201503171100043537
批次号：B201503171101473671
订单号：8270055984427956*/

150317848261

150317616699

150317872882

150317485036

150317054229

150317830559

150317347589

150317105279

150317193944

150317708814

150317909149

150317166765

150317196038

150317484911

150317125102

150317182263

150317065388

150317497195

150317906066

150317538855

150317281785

150317038858

150317391823

150317104403

150317156282

150317089597

150317307676

150317936460

150317712715

150317312422

150317265645

150317730107

150317095486

150317057574

150317906346

150317000466

150317231236

150317099219

150317597354

150317509078

150317624937

150317927382

150317500454

150317276872

150317515929

150317286091

150317994691

150317469916

150317528462

150317648129
