/*产品名称：a
产品代码：P201503211523516868
批次号：B201503221402189600
订单号：5027998675613347*/

1503315951

1503316041

1503317095

1503313534

1503319949

1503319004

1503317969

1503316204

1503310652

1503315331

1503319022

1503317218

1503319083

1503315806

1503310857

1503310564

1503313792

1503310929

1503311410

1503316456

1503310737

1503319173

1503314846

1503314033

1503312122

1503311574

1503312569

1503310874

1503318736

1503318542

1503318726

1503319112

1503313077

1503310438

1503318812

1503312168

1503314529

1503316699

1503310139

1503315630

1503312431

1503311451

1503317309

1503319002

1503311959

1503313104

1503313295

1503312156

1503310144

1503315663

150331021959
