/*产品名称：a
产品代码：P201503211523516868
批次号：B201503221402189600
订单号：4859606477684817*/

1503319732

1503317862

1503314711

1503318638

1503314052

1503312376

1503317011

1503310374

1503318731

1503315741

1503318703

1503314567

1503313276

1503317127

1503319883

1503314686

1503314120

1503316200

1503316704

1503313373

1503314157

1503310496

1503317716

1503318608

1503318058

1503315680

1503310909

1503314895

1503313399

1503315838

1503310713

1503317905

1503313724

1503314879

1503319050

1503315015

1503311236

1503310198

1503318282

1503312040

1503315385

1503315348

1503315252

1503316390

1503315576

1503310488

1503318155

1503312319

1503314079

1503313175

150331009217
