/*产品名称：a
产品代码：P201503211523516868
批次号：B201503221402189600
订单号：4007539798750446*/

1503314216

1503315941

1503318397

1503316935

1503316214

1503310999

1503312303

1503314551

1503312641

1503314710

1503314843

1503315341

1503310615

1503319218

1503313025

1503312769

1503310447

1503318510

1503315371

1503315116

1503310010

1503312698

1503319604

1503313805

1503314070

1503316934

1503313241

1503315013

1503310558

1503316075

1503310517

1503318985

1503314208

1503315017

1503319943

1503310215

1503313392

1503319179

1503317461

1503313957

1503319774

1503312757

1503314020

1503310434

1503318598

1503319374

1503316808

1503314631

1503314754

1503312142

150331706856
