/*产品名称：a
产品代码：P201503211523516868
批次号：B201503221402189600
订单号：8733840738391744*/

1503313160

1503315689

1503313155

1503318250

1503311059

1503310168

1503317452

1503311270

1503311666

1503316582

1503318105

1503315130

1503315044

1503315729

1503318008

1503311452

1503310619

1503315304

1503310417

1503315932

1503316007

1503315319

1503312793

1503318631

1503318526

1503314132

1503314816

1503310288

1503310346

1503318637

1503312500

1503313119

1503313647

1503312941

1503319550

1503310943

1503311911

1503312860

1503316416

1503313581

1503310361

1503316748

1503313092

1503310239

1503315590

1503316641

1503311281

1503314646

1503315301

1503313405

150331741728
