/*产品名称：a
产品代码：P201503211523516868
批次号：B201503221402189600
订单号：8844878826278829*/

1503312804

1503316298

1503315688

1503310921

1503314700

1503317485

1503318545

1503313854

1503318617

1503317036

1503312554

1503319373

1503310278

1503311920

1503311864

1503314268

1503317040

1503319600

1503311542

1503313722

1503316351

1503313961

1503312851

1503318279

1503319053

1503312307

1503311689

1503319309

1503312973

1503316488

1503316329

1503311439

1503317844

1503318360

1503312982

1503310046

1503317329

1503315392

1503313953

1503312722

1503314113

1503318775

1503315244

1503316167

1503311515

1503316047

1503315980

1503314401

1503317893

1503318215

150331378740
