/*产品名称：a
产品代码：P201503211523516868
批次号：B201503221402189600
订单号：5616745022126575*/

1503310329

1503316723

1503316610

1503318076

1503315113

1503318327

1503310801

1503310692

1503313427

1503313024

1503314119

1503318990

1503310026

1503312912

1503315999

1503312530

1503312269

1503313745

1503312830

1503317099

1503319221

1503311684

1503310868

1503312467

1503317643

1503310257

1503317844

1503319919

1503311383

1503319841

1503311888

1503313184

1503313223

1503311334

1503317789

1503312162

1503313887

1503310038

1503314372

1503312949

1503311844

1503318640

1503314896

1503318365

1503317360

1503317752

1503319025

1503311319

1503312751

150331272138
