/*产品名称：a
产品代码：P201503211523516868
批次号：B201503221402189600
订单号：4040711963757165*/

150322498681

150322894649

150322542543

150322439713

150322162518

150322480156

150322526886

150322493342

150322956680

150322685242

150322729005

150322825985

150322724595

150322400484

150322892863

150322277311

150322006266

150322716678

150322279435

150322203972

150322537462

150322125487

150322961905

150322225579

150322335487

150322274370

150322011982

150322687499

150322815281

150322928969

150322969563

150322739179

150322839891

150322323249

150322648335

150322094153

150322113577

150322038981

150322737119

150322258569

150322349972

150322362910

150322218880

150322434323

150322124394

150322366770

150322252837

150322810167

150322678270

150322866292
