/*产品名称：hello
产品代码：P201510271003108897
批次号：B201510271003389727
订单号：2860493660605138*/

011052371108

011072270336

010092174549

011012379664

010092576829

010062977310

010012276797

010092275108

011092375784

010002576968

010082079773

011002372015

010042273770

010092077951

011072276620

011092272822

010032478765

010062179806

010002279320

010052872405

010042470864

011082776933

010032172192

010012470003

011052175336

011002578020

011052472551

011082472250

010052371654

011082670054

011012176707

010052778277

010002771024

011032079220

010062875737

010032775174

010032376327

010032971934

010072079276

011092979759

010052774976

011092772551

011002272190

011002679015

011012274415

010092673968

010002773047

011062977453

010042870536

010082972139

010052073130

011092778462

010072777316

011052074842

010042975451

011002278163

010092477529

010012275190

011062073848

011002172060

011062373186

010082277506

010022573394

011042673989

011042574819

011032170165

011062175407

010052571438

011082371612

010052676389

010052575352

011042272595

011042272291

011092374074

011052279704

010012870508

011032575616

010092874240

011022576795

010092775183

010072475907

010082772943

011062874276

011072176832

011092175794

010032371304

010012377119

010092672533

010082472321

011062179297

010012874450

011082079000

011082870276

011092576995

010052075785

010092772801

011092278550

011022776843

011072271935

010042278015

010092772524

010042773686

011092670584

011042674234

011082273948

010062572420

011062070109

011082974315

011052877212

010042778121

011092871447

011032074808

010052570562

010032979492

011052877748

010072876897

011072678636

011062379672

011082671280

010072074475

010022971961

010042971707

011002677001
