/*产品名称：a
产品代码：P201503211523516868
批次号：B201503221402189600
订单号：5623696853947821*/

1503313653

1503311167

1503314008

1503315907

1503310304

1503314793

1503312801

1503311149

1503319333

1503313340

1503318787

1503318428

1503313674

1503316978

1503313838

1503318427

1503314651

1503319713

1503311312

1503311862

1503318174

1503310972

1503313353

1503313129

1503312520

1503311906

1503315737

1503311028

1503313403

1503312247

1503310597

1503315194

1503313371

1503311070

1503312741

1503313095

1503310101

1503311690

1503316447

1503311668

1503314069

1503310306

1503316122

1503315016

1503310421

1503319364

1503314372

1503319393

1503317543

1503314739

150331595264
