/*产品名称：a
产品代码：P201503211523516868
批次号：B201503212149381285
订单号：1197323064946196*/

150321359866

150321508466

150321266102

150321107747

150321853013

150321361616

150321574865

150321799906

150321399391

150321316671

150321981301

150321021003

150321826538

150321854914

150321298242

150321954858

150321463850

150321040770

150321118343

150321688454

150321073041

150321948345

150321248256

150321608032

150321962567

150321856122

150321167514

150321236444

150321770936

150321850976

150321384105

150321668398

150321765871

150321465469

150321650618

150321081657

150321695421

150321433254

150321489220

150321904366

150321475907

150321689533

150321201922

150321306093

150321013683

150321237782

150321203907

150321712731

150321588251

150321148548

150321835111

150321272977

150321426920

150321905478

150321740947

150321582187

150321542919

150321366833

150321863687

150321423108

150321060394

150321737937

150321683593

150321166526

150321033980

150321527482

150321048469

150321230487

150321800093

150321364789

150321320782

150321909393

150321444215

150321486611

150321208852

150321118842

150321014672

150321710022

150321302880

150321165229

150321440568

150321804126

150321149250

150321468048

150321851838

150321452183

150321396066

150321183760

150321822717

150321971884

150321460723

150321120154

150321700274

150321189100

150321330893

150321246473

150321455686

150321727057

150321645765

150321404102
