/*产品名称：臻农燕窝
产品代码：P201503171438458876
批次号：B201503171442406575
订单号：9029428688988268*/

150317811509

150317868298

150317902566

150317149174

150317845898

150317517965

150317772860

150317499950

150317885659

150317539949

150317827354

150317110347

150317019382

150317804119

150317604532

150317892881

150317581390

150317859132

150317151007

150317924047

150317356359

150317590995

150317123589

150317086021

150317508569

150317015376

150317668556

150317405623

150317893864

150317921938

150317516108

150317018038

150317092175

150317185058

150317229437

150317411133

150317383027

150317455635

150317022608

150317285425

150317904490

150317254720

150317744433

150317683283

150317860370

150317894129

150317757619

150317369097

150317750342

150317684745
