/*产品名称：菲普迪斯测试用例1
产品代码：菲普迪斯测试用例1自定义产品代码
批次号：B201504021952225576
订单号：6796541085962123*/

04073068

04078707

04074072

04072021

04076962

04077381

04077645

04074064

04072724

04078680

04074013

04075047

04078122

04070264

04075439

04074041

04076997

04079400

04070225

04077723

04079414

04071418

04072616

04071754

04070170

04070774

04078720

04074704

04075831

04079518

04074555

04074109

04071935

04071924

04074447

04076823

04076611

04070617

04070230

04073774

04071624

04071843

04076464

04079541

04079734

04078835

04077918

04074789

04078237

04079031

04075103

04071794

04078671

04075368

04070873

04073368

04079077

04078047

04075579

04079623

04073438

04070590

04073520

04074322

04073893

04070410

04070152

04071896

04070231

04078891

04078033

04072012

04077205

04075934

04070837

04073109

04073653

04074896

04070281

04077777

04072204

04078527

04078562

04076261

04075163

04076040

04079439

04078242

04073080

04076416

04076923

04077533

04078239

04078299

04077419

04071491

04071702

04078439

04070180

04077028
