/*产品名称：长城葡萄酒
产品代码：P201503171403116864
批次号：B201503171404582135
订单号：1189096894293590*/

150317091817

150317818159

150317119075

150317073711

150317906064

150317074125

150317445799

150317345028

150317056751

150317628485

150317078430

150317078243

150317117590

150317707903

150317667924

150317137302

150317980848

150317246972

150317261455

150317190232

150317778885

150317412702

150317291674

150317216022

150317967000

150317156515

150317881278

150317948547

150317515104

150317575066

150317472177

150317841928

150317088865

150317378402

150317992909

150317867270

150317773130

150317008750

150317707560

150317785610

150317814829

150317466062

150317201861

150317242439

150317757118

150317641262

150317466373

150317152232

150317786438

150317461720
