/*产品名称：1
产品代码：P201510221524167957
批次号：
订单号：2839614975159376*/

00023626

00023626

00023626

00023626

01628995

01628995

01628995

01628995

01895142

01895142

01895142

01895142

01380426

01380426

01380426

01380426

01514254

01514254

01514254

01514254

00080332

00080332

00080332

00080332

00114152

00114152

00114152

00114152

00071683

00071683

00071683

00071683

00716457

00716457

00716457

00716457

01647010

01647010

01647010

01647010
