/*产品名称：a
产品代码：P201503211523516868
批次号：B201503221402189600
订单号：3516029871821493*/

1503316454

1503313653

1503311371

1503318716

1503312863

1503318867

1503312128

1503319197

1503314140

1503311039

1503313091

1503314550

1503315154

1503317880

1503315358

1503312065

1503315813

1503313663

1503317881

1503312070

1503313385

1503313868

1503317431

1503312881

1503317649

1503314060

1503312081

1503310571

1503318370

1503318260

1503311892

1503319815

1503314287

1503319473

1503317878

1503314499

1503311335

1503314118

1503311122

1503315497

1503315142

1503314939

1503311196

1503311468

1503316449

1503310377

1503318085

1503310669

1503310474

1503310496

150331082601
