/*产品名称：扁舟共济
产品代码：P201503231955185922
批次号：B201503232000131682
订单号：1052752026638942*/

150323701250

150323700952

150323117311

150323156264

150323067277

150323284046

150323564521

150323308941

150323375729

150323762774

150323338511

150323533992

150323158141

150323766756

150323468777

150323535892

150323095421

150323630607

150323812384

150323877221

150323366656

150323048907

150323190726

150323771401

150323841374

150323667969

150323629605

150323372457

150323753296

150323635113

150323353837

150323635023

150323516884

150323465233

150323902442

150323659931

150323389244

150323361598

150323242493

150323503807

150323607846

150323055450

150323235068

150323962896

150323282657

150323609939

150323235143

150323453802

150323977626

150323266830
