/*产品名称：a
产品代码：P201503211523516868
批次号：B201503221402189600
订单号：7579841468722543*/

03316063

03312680

03315266

03319073

03311680

03317516

03310163

03313208

03315267

03315846

03311924

03311473

03311864

03317028

03313256

03315412

03315543

03312256

03314231

03311545

03311311

03319206

03315386

03312684

03314764

03312102

03315989

03319578

03319185

03319757

03313246

03311755

03313289

03316193

03319309

03313238

03310335

03311706

03319748

03311870

03317633

03316636

03313757

03319390

03315547

03317684

03311254

03319420

03315407

03314175

03317802

03311866

03316331

03317750

03314380

03316348

03312518

03313391

03311517

03313006

03310423
