/*产品名称：a
产品代码：P201503211523516868
批次号：B201503221402189600
订单号：1624235317388684*/

1503318839

1503311222

1503317842

1503317732

1503319514

1503319804

1503311725

1503314509

1503311221

1503315714

1503310724

1503318492

1503315430

1503317892

1503318912

1503311881

1503314180

1503318116

1503311847

1503319611

1503316971

1503311471

1503319521

1503317197

1503319426

1503316191

1503313882

1503310755

1503313922

1503310352

150331106709
