/*产品名称：水
产品代码：P201510221455498451
批次号：B201510221459105408
订单号：3443025753253872*/

10226125

10221863

10220830

10223472

10228291

10222507

10228179

10225423

10220562

10223765

10221838

10222492

10220991

10225793

10228886

10226594

10227762

10229768

10224523

10227990

10228188

10227831

10223600

10229833

10226893

10224650

10228346

10226742

10222662

10226243

10221809

10227449

10226825

10224076

10228079

10222351

10228878

10228336

10222606

10226375

10221562

10222752

10227846

10227179

10229712

10229898

10227910

10224769

10224132

10226410

10220719

10222156

10229114

10229451

10222937

10229896

10220692

10224940

10221405

10228285

10229219

10225102

10221773

10220283

10225461

10229244

10225239

10228070

10224286

10228534

10226043

10224620

10227932

10224656

10224409

10225563

10226288

10220983

10220298

10227851

10221855

10226585

10222731

10220159

10226045

10227671

10227699

10227579

10228349

10224146

10220865

10222051

10227499

10224903

10223984

10226051

10226856

10226411

10220592

10223387
