/*产品名称：a
产品代码：P201503211523516868
批次号：B201503221402189600
订单号：1410681687850094*/

150322608219

150322687416

150322702444

150322853051

150322893803

150322865747

150322860030

150322560337

150322865018

150322521274

150322313748

150322784857

150322853225

150322380152

150322334453

150322729684

150322349911

150322941245

150322169249

150322520918

150322444655

150322297233

150322384196

150322459587

150322427722

150322483920

150322576304

150322106648

150322924702

150322002344

150322974532

150322391746

150322012290

150322105379

150322764061

150322583568

150322241186

150322829123

150322468933

150322492021

150322726629

150322770124

150322344983

150322847825

150322878537

150322233807

150322212261

150322762657

150322795879

150322157008

150322101282

150322548395

150322559157

150322270181

150322845817

150322573273

150322191899

150322800217

150322808135

150322175910

150322963941

150322431867

150322486714

150322418701

150322269551

150322305854

150322209156

150322909509

150322126873

150322627095

150322162805

150322604915

150322676913

150322106005

150322304630

150322393419

150322347670

150322819353

150322917500

150322120570

150322017490

150322594136

150322791142

150322449449

150322371400

150322599580

150322266367

150322978235

150322880912

150322737161

150322793385

150322280426

150322974510

150322722866

150322550368

150322594257

150322098276

150322154975

150322160054

150322743490

150322520273

150322887975

150322025267

150322750358

150322275169

150322577583

150322080494

150322757217

150322508933

150322039788

150322594462

150322866391

150322181302

150322589203

150322094198

150322304629

150322694167

150322794240

150322524899

150322217848

150322353318

150322213792

150322637391

150322461068

150322956064

150322684372

150322781912

150322085779

150322911839

150322074864

150322245259

150322108403

150322717790

150322649118

150322480169

150322293639

150322016319

150322444126

150322026967

150322519781

150322169999

150322429496

150322946813

150322094817

150322973358

150322657011

150322795303

150322853638

150322186002

150322309669

150322924158

150322095119

150322071417

150322576503

150322106873

150322728178

150322869582

150322021776

150322694239

150322945075

150322290247

150322076457

150322020806

150322160766

150322951275

150322400862

150322612976

150322911941

150322403434

150322061823

150322915369

150322711388

150322818003

150322879845

150322056452

150322460715

150322696391

150322304220

150322375549

150322740214

150322096655

150322642674

150322536860

150322365398

150322048483

150322373586

150322496658

150322441691

150322457637

150322284516

150322337084

150322362176

150322791280

150322780908

150322449438

150322654329

150322893657

150322771732

150322231106

150322426992

150322884434

150322299056

150322274605

150322973784

150322888170

150322010298

150322154379

150322409490

150322309576

150322425125

150322246517

150322326695

150322748973

150322126813

150322002195

150322139383

150322498463

150322317239

150322966124

150322851834

150322031738

150322158781

150322969505

150322381485

150322454539

150322613036

150322445030

150322759381

150322146871

150322775507

150322062235

150322819539

150322617687

150322168059

150322485573

150322576178

150322000165

150322692427

150322193128

150322316024

150322799104

150322711801

150322362936

150322971716

150322710580

150322015358

150322272426

150322233451

150322702620

150322309407

150322276570

150322547037

150322220722

150322687370

150322169268

150322673468

150322463093

150322861387

150322215316

150322534370

150322213110

150322025954

150322984110

150322675853

150322669868

150322409998

150322689448

150322553697

150322603876

150322985917

150322913218

150322966455

150322914039

150322786065

150322041682

150322764166

150322448379

150322546279

150322029514

150322196058

150322603207

150322493546

150322445434

150322969523

150322734334

150322650912

150322593017

150322033845

150322768134

150322831166

150322656835

150322073879

150322829173

150322944997

150322621168

150322796145

150322961235

150322889013

150322709354

150322922574

150322719379

150322541788

150322187560

150322057155

150322557141

150322329044

150322546269

150322154581

150322024701

150322051570

150322474040

150322589385

150322333337

150322043587

150322156188

150322698875

150322913446

150322071888

150322703847

150322065159

150322927754

150322478303

150322351680

150322724012

150322793227

150322443668

150322187198

150322280001

150322025073

150322908811

150322530586

150322986673

150322895049

150322941491

150322838697

150322961607

150322288396

150322783684

150322840299

150322518524

150322066002

150322517955

150322702732

150322525291

150322262630

150322429759

150322926826

150322386045

150322465834

150322635320

150322592687

150322766229

150322682431

150322593349

150322763687

150322276795

150322284423

150322315038

150322921545

150322203110

150322837319

150322776300

150322185763

150322666861

150322017940

150322567811

150322461320

150322410691

150322135979

150322438839

150322452889

150322629563

150322589318

150322275483

150322505066

150322159206

150322224817

150322469950

150322194438

150322034585

150322197522

150322787754

150322776164

150322282850

150322315154

150322370362

150322943489

150322177677

150322083036

150322156322

150322864699

150322035064

150322361822

150322750336

150322581759

150322530046

150322863122

150322555556

150322479341

150322959931

150322230357

150322292585

150322132001

150322852207

150322956032

150322726057

150322833233

150322959122

150322800098

150322580004

150322182364

150322277460

150322580125

150322257885

150322907195

150322381721

150322071727

150322406808

150322774376

150322232285

150322943574

150322410575

150322643920

150322396775

150322947167

150322704710

150322329964

150322787747

150322633199

150322099000

150322572518

150322349700

150322650477

150322833315

150322965995

150322935406

150322481069

150322950915

150322864996

150322643611

150322355100

150322850397

150322807094

150322267886

150322028038

150322550948

150322793657

150322943803

150322357384

150322333655

150322719714

150322922417

150322197905

150322981292

150322344802

150322617855

150322779913

150322434647

150322837243

150322674733

150322645232

150322975881

150322822445

150322732175

150322233631

150322790329

150322450203

150322063490

150322865241

150322371201

150322504232

150322697996

150322258884

150322542135

150322713852

150322841203

150322438631

150322776041

150322106165

150322769888

150322163752

150322202258

150322969851

150322680342

150322853837

150322473148

150322049674

150322495466

150322440918

150322307502

150322814423

150322588888

150322997775

150322133399

150322355087

150322060681

150322224366

150322180122

150322316384

150322809555
