/*产品名称：a
产品代码：P201503211523516868
批次号：B201503221402189600
订单号：5349681811485467*/

1503312710

1503310177

1503319509

1503312376

1503314215

1503319846

1503310604

1503313874

1503319668

1503310181

1503315007

1503316245

1503313715

1503315326

1503319671

1503310178

1503319282

1503317342

1503317063

1503312345

1503316741

1503310074

1503311120

1503319334

1503318808

1503316808

1503317792

1503313037

1503318327

1503318131

1503314739

1503311724

1503310577

1503317323

1503315997

1503311983

1503316251

1503314467

1503316955

1503314204

1503310690

1503319163

1503316384

1503315767

1503315873

1503318522

1503311513

1503318367

1503311284

150331695805
