/*产品名称：长城葡萄酒
产品代码：P201503171403116864
批次号：B201503171404582135
订单号：3321165169601079*/

03313209

03313401

03312325

03312587

03315030

03310567

03310249

03319587

03312036

03319755

03314972

03316905

03313844

03317607

03319507

03312231

03319723

03314526

03311169

03313104

03310011

03314233

03315114

03317993

03318014

03316053

03316271

03314600

03316190

03316405

03317060

03314083

03316083

03315556

03312935

03313147

03311823

03319254

03313352

03310024

03310295

03312768

03318006

03310705

03310215

03317135

03317098

03319473

03311670

0331204434
