/*产品名称：企鹅
产品代码：P201507041510362036
批次号：B201507041511099804
订单号：6197103991462421*/

07049225

07048181

07040114

07045635

07047095

07045182

07045027

07048891

07045677

07043271

07047989

07041598

07049690

07044955

07043198

07047536

07045958

07044209

07048764

07040606

07042918

07046953

07048869

07049534

07047636

07042665

07040578

07045943

07040643

07045764

07040848

07045376

07047051

07045752

07044504

07040187

07042605

07041156

07043268

07042613

07046809

07041174

07042234

07043490

07043363

07040645

07040257

07045688

07046909

07043578

07049960

07044364

07044675

07041016

07049188

07047875

07049068

07042931

07045154

07042011

07044127

07044513

07044542

07044010

07047726

07049279

07045067

07044489

07043539

07041829

07046294

07044832

07045264

07049412

07040573

07049932

07046245

07049759

07046322

07048616

07046104

07043376

07045656

07044228

07041018

07044680

07043228

07047561

07047555

07041259

07043892

07044321

07048534

07042065

07044865

07049389

07046573

07046975

07041162

07043407
