/*产品名称：a
产品代码：P201503211523516868
批次号：B201503221402189600
订单号：8382592089939748*/

1503313251

1503311705

1503310079

1503313234

1503311112

1503312207

1503315644

1503314707

1503316757

1503313565

1503311430

1503318658

1503318051

1503318882

1503318731

1503315783

1503312458

1503311016

1503319930

1503311416

1503311533

1503315875

1503317974

1503315556

1503310350

1503319289

1503318460

1503317080

1503314455

1503316459

1503310295

1503317218

1503317182

1503319120

1503318241

1503313659

1503311614

1503310921

1503310562

1503317616

1503314465

1503316236

1503316492

1503311934

1503311384

1503318194

1503318589

1503319412

1503314716

150331350874
