/*产品名称：1
产品代码：P201510221550067650
批次号：B201510221551279942
订单号：1711369523332397*/

31503268

41607248

81708288

11901208

21700238

81908258

81008208

11301238

61409288

51600298

81103268

51904288

01109288

61909248

01700228

91103228

81003268

81108278

31201248

11306228

41100268

41202288

11905258

61205218

01600208

41506248

31503278

61809268

21809228

61703238

41907248

61007258

71200248

91505288

11008248

51601298

61902288

11304218

81103208

51604258

71004258

81803278

31409298

91204278

01904248

81508238

61302278

51800288

91107288

51807218

41208228

61401278

41503238

61401208

71008218

41907218

11803248

11306208

51009218

91602278

71902208

81107228

71203268

31007278

01500258

11804238

11008268

51107248

91900248

11104228

21505228

01104238

61201258

51705288

61201268

91901298

11609238

21509298

81606238

91205218

41107298

61203258

31005208

11705258

11803218

21508248

01007238

81805298

21400218

61404208

81400288

61009258

21400248

11400238

11101238

11509248

31309208

51103248

71205278

31508208

61707288

31208298

11603228

51101208

21504258

41709288

11203248

11908288

31103288

61509248

31303288

01505258

31903218

21008288

71802298

71803298

51307238

01701238

41400208

51305238

01702228

31304258

51900268

11506298

41807278

41601218

91106288

51103298

71303208

01601268

21705298

01007268

01402228

71502218

41901218

31307238

61706238

21403288

51403218

91704228

21809298

71806258

71806228

41402218

21004288

01701208

31400248

91200238

71207288

81007288

01207218

21309218

01305298

61407218

51108258

01904278

71506268

91109228

31506258

01208208

81802208

11705268

21201298

11706248

21009218

61607298

61001258

81104288

71906278

81700288

41403248

61407238

91504268

81805228

21800238

51304218

01503278

51806288

51606268

61102208

21901248

41302268

91006208

21904278

51801238

11500238

31105238

61000228

11600228

81304268

41609228

61206208

41908298

41101288

01308278

61804248

21008258

71007298

71704248

61801228

41708228

71000298

81205278

61208288

01808248

71801238

11201218

61103248

11000218

41407258

91908208

31900208

71406218

51605228

01305278

31808268

41802278

11102258

61803268

51805298

81807298

01107298

21206238

91109238

01109228

21100208

71604238

81206278

31703228

51007288

81903228

01205248

11405228

01806238

41701278

71003278

81402238

81907228

81408218

61000258

01505248

31606288

81806238

41402228

51604288

21301278

11701278

01608228

41906268

31303278

91202218

21701248

71603238

21006278

21408288

81709248

41700278

91703278

91708228

01509208

71708218

41809268

11603298

41507278

61501258

21108228

01007288

11908278

11009298

11101208

61700288

41701268

51406298

71309288

61602258

41109278

21909228

91606238

51501208

31108248

51305278

21106218

51905258

71802218

51804238

01707238

21206258

01203238

41205238

11502278

01707218

21601268

11201228

71609248

31800208

01502258

51205228

61006288

71907238

91009228

91809298

01205258

71301248

91305238

71801288

81008228

11304208

31809258

01909228

71805288

01203288

11801258

71309298

71509268

01303218

21001258

81708228

81302248

51107208

61801298

71600298

61804208

11206298

01205298

91601278

21403278

71504208

91905248

01002278

71900298

91109248

61109288

51705248

11001248

61800278

51900218

91408238

21302248

71705208

31204258

51308278

61004238

21407208

11603238

21202258

71905258

41202278

91206248

31207218

21204258

41002248

61803208

01807288

41104278

31209218

51605298

51602258

61400258

31304268

01406258

41203238

91008218

41606298

41902298

61806278

31202238

41505288

01107228

61801268

91107228

91701278

51808298

31902218

81901268

61300208

41105208

81009278

11303288

41806208

21402248

61101278

81505278

91401278

01308268

11005248

01006208

51206268

31103248

91802218

61600238

21305278

21009298

11709248

41804268

01006228

01401298

91406218

81902298

01500238

41700218

31709288

91305228

11100278

31301298

41308278

21507298

11008208

31403238

91407288

41903258

51402218

61001218

01803238

81302238

41909278

61403298

11204268

11805288

21304228

51809288

31509278

31407238

41809238

61007248

31904278

51009268

61405288

91903218

41500298

31604208

61709268

51706268

01907228

41309278

81408228

51901268

61907208

41406298

81104218

31601268

31505218

81001238

41201278

31205268

51903228

31906248

71704268

71508278

51303208

31603228

11508208

21200278

61408238

51909228

61307288

21600288

61708228

51907238

71804208

41803238

81008218

81607258

41108288

81505298

21001278

71704228

41002238

31700288

11007288

01407228

51302248

81901238

11803278

91509218

31605268

31605278

81904288

81804298

21106258

71902278

41406248

01702218

91106238

91400278

21208208

61404278

41504288

31802268

21509268

11008278

11103248

11203238

81606218

31500218

41006248

51608278

01200238

11308238

21206218

71304208

71000238

81500258

01405248

71003238

71406288

71804268

41107278

81704208

61003228

51805228

81107268

51902208

41409228

01802248

81101258

91506288

61701278

81705278

21306298

11302258

51703228

11703208

91303238

61800268

51501298

41805208

81906238

31801268

51502298

21705288

01102288

61507238

71100288

01309298

11608288

11403258

41105298

51209228

91408208

51703298

21600238

41701218

01501288

31101268

21509218

11409258

01404278

21809288

91902298

91400258

21503258

61904298

71708268

01008298

01307238

31701288

71705278

51703258

61606218

61104238

11800238

31001288

31305248

51502208

91006288

61301218

31009258

21109248

81306268

61209208

31508268

21909288

41108208

81801288

01702248

91706268

81302298

91706248

51507268

21700278

41801268

51902228

21502228

21404208

81008258

41007208

91807238

31206288

61900208

41307208

11104268

41905278

01604208

01104298

51407258

91907228

11800228

61408208

51902278

91605208

21706218

81301218

21408238

01608218

11004248

41505218

81303228

01105268

91804288

01404268

41509218

71606248

71204208

41506258

11305228

41403238

11004298

01103208

91909238

91008248

01209278

21306208

41708278

51708278

31801248

01101238

21102218

61602288

21003288

01806278

51408298

11406258

01805268

21703238

41908288

81502268

51608238

71700278

01903228

61302228

81300248

71904298

71301258

41506208

01109258

21000238

01907298

21608208

21201248

91202248

01507248

71906298

81100228

91806288

41801238

41508218

61900258

11802248

11302228

11904258

21708208

51901238

41708248

41808208

51406248

51301218

11704248

61705258

31008278

91002268

91609238

31806248

51205278

01908218

41101278

51501278

51505278

41404218

41203228

11407258

01002298

11307208

61202248

71702258

81800208

91709278

31506218

41001258

11903258

81509278

51609218

71105298

11601278

91402248

41103228

91108238

91102258

21706238

81003228

71803238

21009288

31901258

91700208

81503248

01407268

61803278

51503208

91707218

81409278

01907248

71004218

41104218

21107238

91007288

31908278

51206218

11104278

51302258

31507258

61901238

01000248

51700238

61407298

91104238

01509268

51803248

01609288

61206288

01605218

01205208

01707278

91006278

01009248

71802278

11402288

31302298

21407288

51307298

91308248

81609218

11606208

11200278

41903218

61701228

11801248

11200238

81200248

21105248

21302268

41401268

81406258

71907258

61508258

81308228

71909238

41601268

61501288

41704278

51409288

01505288

41403218

51403268

21803208

01301258

01808258

81002238

31004298

81105238

61500258

61700218

71708238

01909278

81408268

21404268

31606228

71908268

61602278

71609208

31302218

91900268

81500208

31406248

41809208

41207218

71707278

11904248

31708248

11202218

51508248

51900298

31607258

31702238

81908228

91406258

81706278

61107248

41903288

01606298

31604248

81908298

71407238

11002248

91709298

71301238

71205228

31507208

11200218

71703248

21905208

31304228

61108218

91307288

41405228

31506268

01407208

01304228

21302258

91907298

31902268

11507218

11901258

21202208

21400278

81701268

71005278

21708248

11108228

81001258

51106218

51103218

71805298

41106248

21604218

91908278

51706208

51002268

51008238

81606208

01201248

61407278

01505268

91307248

21402268

21803278

01301248

51000248

81708208

41604248

11202278

31200228

11902228

01208278

11202298

81407298

91803298

21003258

51502218

31103268

21708218

41502298

81203288

81505268

51405248

31007298

51907268

71807208

71008248

81107278

51006288

21204268

61702258

11301268

11402278

11100298

71000208

01204288

81706238

81206228

31608278

51309208

21306218

41207268

51502268

21505298

91007298

31203248

21805298

11808278

01908298

01909258

01701218

21709238

41608288

21907298

91202228

51505298

11502228

91509248

71308208

81104238

31505228

81701258

21407218

71506248

41101228

41006268

51205258

91402298

21100278

61301288

21103288

81608258

51104218

41405268

61807218

51904228

61302248

31209238

81605268

61900228

71503288

51608268

91700298

51208298

21501258

31404258

81004208

91401298

81905258

61609298

61505298

51908218

31904268

61003218

11402238

71201228

41101208

41309288

31503228

51007208

11009228

81903218

91907258

71209288

31106248

51605258

21508238

01504258

51404258

51802238

71007208

91004218

91806228

71507258

21209298

41600268

61809258

01906248

71503278

51605218

71600248

71100218

41109238

91103298

01402298

41409268

31900298

81804268

61303258

81709218

91108218

21100228

31708278

11609288

01608268

81108298

91607268

51504258

31101228

81608238

21801248

41501288

71400208

01709208

21207278

91002278

01301268

61905238

11000268

81803238

41209258

41205218

31205298

01809238

61207248

01604248

81009288

21702278

11605248

21705238
