/*产品名称：1
产品代码：P201510221524167957
批次号：
订单号：6689005471286566*/

100157605

010157605

001157605

001157605

101222387

011222387

011222387

012122387

101234986

011234986

011234986

012134986

100118213

010118213

001118213

001118213

100905135

010905135

001905135

009105135

100202351

010202351

001202351

002102351

100000840

010000840

001000840

000100840

100614587

010614587

001614587

006114587

101639159

011639159

011639159

016139159

101604939

011604939

011604939

016104939
