/*产品名称：九龙鼎
产品代码：P201503191438154328
批次号：B201503191439583980
订单号：3795262447869793*/

150319452296

150319364720

150319261059

150319106879

150319460496

150319333698

150319728729

150319312325

150319793118

150319807441

150319982775

150319390990

150319774689

150319077146

150319592931

150319637546

150319009962

150319730857

150319038124

150319848719

150319382782

150319122154

150319852618

150319332428

150319826869

150319184369

150319443476

150319828674

150319973946

150319833121

150319542624

150319854624

150319847944

150319037663

150319896163

150319183587

150319663746

150319087975

150319204410

150319186578

150319264177

150319851225

150319487966

150319044345

150319456002

150319534325

150319537265

150319570653

150319108323

150319683673
