/*产品名称：a
产品代码：P201503211523516868
批次号：B201503221402189600
订单号：3203887537019249*/

03318869

03318058

03314308

03310791

03314526

03310082

03314852

03317007

03310174

03314939

03311699

03311435

03312031

03311452

03318490

03311417

03315784

03314874

03313260

03316704

03311938

03319733

03316841

03312633

03318867

03310739

03311429

03316501

03315613

03310669

03310140

03311163

03318293

03319310

03310706

03314480

03317662

03314157

03314698

03310052

03314532

03314903

03314422

03312528

03317603

03310028

03316791

03310949

03314059

03314199

03312249
