/*产品名称：a
产品代码：P201503211523516868
批次号：B201503221402189600
订单号：4656164771283630*/

1503313051

1503317284

1503317063

1503319093

1503317797

1503319148

1503312434

1503317847

1503317041

1503312493

1503311618

1503316840

1503318947

1503310743

1503313169

1503314838

1503313366

1503317332

1503310489

1503310852

1503310921

1503316149

1503311657

1503313698

1503316213

1503311910

1503313975

1503314742

1503311219

1503315125

1503318719

1503317795

1503316534

1503316521

1503313318

1503317186

1503312145

1503312484

1503313740

1503317428

1503316960

1503317827

1503317133

1503319430

1503317678

1503316790

1503317260

1503318989

1503319497

150331515642
