/*产品名称：a
产品代码：P201503211523516868
批次号：B201503221402189600
订单号：3912699995616131*/

1503311884211

1503311558820

1503311246828

1503310383977

1503311552920

1503310790927

1503311021703

1503310423396

1503310239941

1503310413433

1503310484656

1503311174627

1503310956796

1503311668680

1503311719522

1503310312809

1503311151456

1503310514103

1503311496721

1503311062628

1503310663363

1503310268570

1503311085813

1503310405141

1503311986456

1503310143402

1503311217555

1503311769962

1503311623198

1503310038305

1503311292137

1503310253427

1503311675693

1503311078831

1503310425648

1503311497709

1503311141364

1503310215800

1503310952519

1503310021939

1503311363605

1503311025775

1503311584004

1503311891899

1503310357012

1503310538211

1503310123324

1503311454463

1503310569594

1503310514826
