/*产品名称：a
产品代码：P201503211523516868
批次号：B201503221402189600
订单号：7378705825976741*/

1503317777

1503317324

1503318022

1503319752

1503313192

1503314711

1503314684

1503316655

1503319295

1503317679

1503317723

1503313714

1503319244

1503319527

1503310606

1503315280

1503316232

1503312673

1503314275

1503316658

1503316022

1503315547

1503314570

1503314839

1503316808

1503310522

1503315405

1503311649

1503319452

1503310837

1503314559

1503311722

1503318658

1503315104

1503317513

1503311843

1503319632

1503314139

1503316413

1503313042

1503316133

1503317349

1503316017

1503314371

1503318336

1503312771

1503319645

1503313150

1503312897

1503310789

150331561868
