/*产品名称：臻农燕窝
产品代码：P201503171438458876
批次号：B201503171442406575
订单号：9601924743708191*/

061110840

061196377

061186668

061104564

061158012

061121245

061193436

061119294

061166260

061167566

061149052

061122071

061137216

061109193

061103611

061190833

061112829

061105486

061181381

061113335

061180734

061111236

061121761

061191353

061143160

061185361

061195821

061161481

061195839

061177797

061134742

061182866

061160725

061197184

061168355

061155738

061143294

061134317

061173235

061156721

061184545

061116966

061147374

061169075

061112349

061101225

061113285

061107911

061159577

061100900

061161449

061161994

061174377

061162197

061102010

061129688

061178472

061111330

061111880

061180680

061108272

061192646

061164921

061191313

061117799

061124328

061119552

061144387

061168808

061164035

061197117

061197955

061176557

061112211

061191066

061123039

061161169

061154479

061164683

061154477

061138731

061129755

061173949

061180520

061104234

061136059

061160290

061138873

061161563

061127438

061139261

061182944

061150907

061100296

061143709

061188605

061163370

061149517

061140548

061135412

061176932

061156569

061161720

061135564

061175008

061176587

061174610

061176509

061115457

061175192

061110152

061132465

061138353

061169161

061142293

061175836

061122720

061199289

061157589

061111417

061189184

061134082

061136101

061109987

061196475

061119185

061130971

061118029

061175565

061132479

061120522

061136152

061176855

061157548

061108058

061140937

061173383

061109509

061173735

061113269

061150888

061117699

061128071

061182901

061157987

061101294

061155901

061140147

061114829

061168752

061114378

061109075

061131820

061165467

061167596

061140261

061125406

061119265

061121408

061180013

061114450

061183102

061169812

061117102

061162722

061135915

061172527

061132700

061138311

061168358

061153598

061125391

061113459

061105493

061171077

061178052

061159872

061187130

061157229

061122648

061114079

061161327

061179991

061168756

061199824

061151470

061178193

061172795

061195314

061140168

061159908

061133881

061174185

061163749

061136503

061129192

061118065

061115403

061166587

061134437

061119964

061166146

061198541

061193973

061143084

061130643

061116706

061188256

061143493

061153341

061192650

061104355

061188275

061113058

061106258

061125185

061162458

061155361

061165282

061109369

061165435

061106565

061145854

061135572

061117079

061185714

061199426

061117565

061108290

061126445

061142616

061108214

061167414

061135345

061163271

061102106

061166031

061129302

061157621

061167286

061161887

061181074

061162833

061163985

061146261

061156033

061152290

061184589

061174754

061184860

061165628

061119746

061170695

061187070

061131386

061111296

061105243

061143008

061108160

061169479

061197217

061163154

061180141

061154409

061116010

061192323

061143054

061164831

061125103

061112886

061142468

061127048

061134038

061163060

061173527

061140030

061192507

061137557

061113977

061173391

061154036

061158100

061169503

061176440

061173927

061110530

061183616

061185616

061158201

061133406

061199263

061122336

061157877

061188537

061114351

061105741

061117139

061124524

061119711

061127469

061140908

061109168

061133389

061149410

061149618

061127734

061156668

061108989

061109984

061173926

061197203

061158877

061125068

061180070

061102685

061168902

061100974

061188595

061158295

061105195

061116239

061170874

061154120

061120602

061103450

061180776

061135480

061150483

061186645

061180722

061128973

061182600

061166323

061142999

061156702

061169305

061165338

061152139

061180709

061177309

061175506

061139324

061134543

061116730

061130530

061148213

061176983

061167111

061190535

061107296

061196023

061171298

061119368

061151436

061119349

061129446

061179345

061139030

061132037

061124499

061189580

061156268

061177713

061105088

061101772

061153391

061114711

061190130

061195262

061137698

061152982

061194131

061192502

061185691

061130948

061100995

061101462

061176843

061168388

061199740

061107639

061146147

061153290

061193401

061163459

061194790

061139467

061124308

061114017

061115264

061114132

061180133

061177075

061127944

061134699

061142308

061116734

061174928

061110477

061162319

061187983

061167748

061156949

061158705

061185907

061191469

061182086

061168540

061181338

061103341

061193334

061140851

061183775

061120393

061194264

061148296

061191972

061103521

061180656

061190367

061165997

061194019

061114780

061153308

061175800

061197078

061162512

061161939

061113968

061180369

061102306

061145823

061115340

061161612

061113612

061110613

061121366

061118905

061164956

061150773

061107275

061198460

061107708

061194732

061122470

061142833

061126710

061168415

061158018

061156055

061144068

061144930

061138739

061157871

061113939

061138184

061125772

061130777

061160427

061176161

061173309

061179112

061114024

061173749

061136984

061125274

061158874

061174763

061127791

061135186

061122859

061161086

061117042

061179790

061100767

061148170

061197261

061185810

061172893

061122736

061105166

061183661

061157438

061159810

061198145

061148941

061188858

061146534

061142180

061103491

061187880

061187836

061139274

061153100

061137189

061184295

061123435

061143692

061199906

061126695

061105421

061161420

061130611

061199821

061108863

061114846

061159231

061161728

061100630

061159413

061120452

061131616

061189380

061104968

061131293

061189113

061154876

061101656

061114515

061121573

061105329

061162016

061166264

061133000

061182534

061195457

061197896

061106630

061144813

061123466

061172139

061109275

061196464

061173293

061157796

061180072

061119643

061132721

061155876

061199675

061194578

061118426

061158803

061199961

061169239

061176316

061125157

061119087

061198473

061192410

061122286

061179811

061100552

061121985

061134330

061120594

061175980

061126683

061173239

061129140

061144138

061178290

061164872

061112462

061197902

061127102

061196914

061185398

061198609

061169406

061122918

061135259

061122597

061126859

061107741

061155533

061199816

061123750

061110836

061130494

061168557

061196153

061126310

061111359

061104755

061191252

061155928

061193952

061122327

061199866

061125240

061177038

061152643

061128901

061139826

061162799

061105118

061147395

061113666

061172952

061185179

061110141

061115746

061135604

061140587

061120596

061104057

061176450

061148847

061123872

061182724

061110212

061106182

061115769

061104251

061169119

061100130

061150510

061187301

061125380

061164074

061153560

061199212

061185046

061119077

061173824

061105947

061111720

061186726

061157715

061197503

061195543

061141455

061106712

061163262

061194881

061118824

061105573

061170511

061141520

061108349

061156840

061154881

061132396

061193749

061193474

061136455

061149110

061172846

061198101

061102344

061125679

061153832

061132033

061194919

061119669

061105520

061107490

061122732

061152175

061159907

061138055

061189526

061122272

061102562

061186765

061144821

061199796

061149970

061135125

061188372

061142096

061196378

061111759

061125378

061116286

061142078

061154329

061169902

061153115

061107884

061177128

061104689

061188789

061169866

061151359

061118592

061170555

061103442

061118040

061137934

061122075

061130598

061106727

061151142

061183477

061115554

061156340

061132976

061144111

061160566

061111094

061124617

061160717

061123034

061151106

061120273

061136872

061195633

061170098

061110006

061145576

061118424

061191396

061124988

061173493

061122542

061166167

061198259

061170212

061156014

061165563

061187005

061185254

061103547

061158234

061167384

061169497

061148915

061189334

061190286

061185038

061168287

061103896

061129422

061130984

061185274

061146411

061138799

061133475

061165682

061167974

061138320

061196289

061180834

061134939

061104789

061127340

061143742

061197733

061121010

061154195

061165749

061125764

061115724

061174792

061149257

061179416

061156748

061155967

061150501

061175029

061157006

061111526

061187462

061137305

061124720

061125203

061142896

061181583

061163473

061143255

061136660

061179433

061142556

061175770

061125127

061190458

061105976

061154583

061141637

061132786

061144344

061122493

061119690

061100581

061161713

061100870

061123428

061169235

061116465

061185791

061136658

061134870

061179515

061154014

061106800

061135365

061130359

061175412

061125988

061143876

061194386

061151529

061154531

061120450

061172572

061161951

061110665

061134313

061155443

061167890

061127216

061109474

061176841

061167994

061125513

061196495

061170882

061180661

061117480

061164502

061164597

061194796

061182448

061134921

061150957

061162729

061141924

061117376

061120852

061118416

061171570

061138289

061142502

061105148

061104757

061197705

061133543

061170816

061102980

061192545

061147424

061179826

061144085

061109078

061172561

061147505

061142674

061141373

061188762

061141842

061195135

061119186

061121334

061151443

061193863

061180312

061189411

061191694

061144693

061150755

061176123

061133640

061177511

061147499

061197686

061183128

061160699

061121161

061165787

061135144

061156654

061121002

061175929

061198302

061180272

061169017

061108288

061133037

061104491

061124553

061194260

061175639

061103394

061166925

061144959

061182351

061189569

061182359

061147339

061187084

061125775

061102060

061119258

061188148

061130238

061162030

061135413

061196198

061151765

061128688

061141106

061164274

061110648

061140558

061191866

061131790

061140381

061184892

061114353

061111425

061117867

061121126

061191319

061138204

061112410

061111772

061117311

061189392

061114890

061127720

061111468

061114059

061139253

061170033

061179136

061177461

061161549

061158140

061117677

061167361

061127991

061173403

061172322

061147738

061132081

061198258

061177820

061189288

061165468

061162954

061171484

061162650

061182578

061175450

061182395

061181146

061167443

061172138

061199718

061100801

061125603

061184177

061139062

061130302

061147896

061105718

061153126

061199874

061164686

061134446

061190525

061109099

061114249

061161346

061125376

061179030

061152656

061193070

061197492

061115513

061131782

061158321

061160314

061155541

061130019

061109477

061156583

061169937

061146216

061178906

061139597

061170558

061111091

061143927

061121842

061133405

061176690

061157668

061160750

061169053

061174710

061123094

061139888

061195540

061142111

061182273

061114931

061190810
