/*产品名称：臻农燕窝
产品代码：P201503171438458876
批次号：B201503171442406575
订单号：8462747742947679*/

150322134589

150322636191

150322770212

150322611916

150322440675

150322618794

150322753690

150322935399

150322558612

150322824328

150322954327

150322519931

150322469161

150322347100

150322444782

150322668401

150322986272

150322542454

150322264414

150322315661

150322881962

150322622312

150322693800

150322210158

150322367670

150322009212

150322102941

150322111917

150322561423

150322191777

150322036976

150322308381

150322342065

150322325094

150322389868

150322587246

150322086219

150322086624

150322252931

150322387541

150322403063

150322383900

150322675902

150322727241

150322492082

150322976167

150322585545

150322910078

150322897089

150322116002
