/*产品名称：写经砚
产品代码：P201503171604569850
批次号：B201503171605462455
订单号：9204646366459911*/

150317772399

150317803040

150317634873

150317119750

150317692646

150317192711

150317378268

150317476751

150317942696

150317568631

150317400629

150317518266

150317790092

150317650901

150317441746

150317552407

150317065679

150317086626

150317803072

150317030060

150317171587

150317316420

150317480134

150317534654

150317544073

150317409510

150317535858

150317103832

150317808758

150317113030

150317747615

150317104618

150317164688

150317327027

150317239287

150317517940

150317962245

150317783722

150317976185

150317809398

150317971818

150317605935

150317097866

150317462031

150317696841

150317388735

150317836343

150317653104

150317684045

150317083618
