/*产品名称：a
产品代码：P201503211523516868
批次号：B201503221402189600
订单号：1286325542347177*/

1503311345

1503311291

1503317105

1503312305

1503316952

1503315723

1503319142

1503317442

1503311150

1503313599

1503314018

1503317335

1503314636

1503310401

1503317918

1503317652

1503310217

1503311801

1503312716

1503311490

1503316571

1503319178

1503315405

1503313274

1503314764

1503312688

1503319989

1503316271

1503315103

1503314678

1503310537

1503317060

1503316690

1503311980

1503316676

1503318926

1503314594

1503310387

1503313948

1503316623

1503310719

1503311195

1503316393

1503318456

1503318992

1503319729

1503313417

1503316313

1503310867

1503314758

150331931066
