/*产品名称：a
产品代码：P201503211523516868
批次号：B201503221402189600
订单号：9477190087009672*/

03310320

03319976

03318294

03313963

03311512

03313007

03312041

03313569

03314352

03312015

03314030

03319472

03312032

03318456

03313791

03318913

03318888

03310783

03311697

03318102

03311901

03316633

03313258

03316288

03319109

03315768

03313288

03311704

03310772

03314301

03310662

03319518

03311357

03311600

03310651

03313123

03311208

03319595

03311621

03315045

03315381

03315949

03316161

03314670

03314869

03316487

03316986

03312756

03318497

03315724

03318156
