/*产品名称：菲普迪斯测试用例1
产品代码：菲普迪斯测试用例1自定义产品代码
批次号：B201504021952225576
订单号：7490847619660332*/

04079463

04072208

04071201

04074578

04079911

04077816

04078910

04078024

04072140

04078406

04071482

04070636

04078339

04074188

04078923

04078990

04073339

04073298

04074146

04075027

04071594

04073731

04079107

04073431

04070684

04076912

04077452

04071812

04070583

04073578

04074429

04077720

04076953

04073987

04073556

04077567

04074014

04073175

04073408

04077989

04074113

04074211

04077912

04072631

04072593

04076494

04074677

04071363

04070530

04071552

04070523

04076171

04076505

04070641

04076454

04070928

04074307

04071501

04077656

04075457

04079021

04072053

04074378

04072273

04076657

04071052

04077782

04074617

04079471

04071922

04076180

04070448

04079249

04074326

04071797

04070191

04076436

04078133

04077630

04073018

04077987

04077395

04079431

04079038

04074712

04073974

04074625

04070933

04076839

04074294

04079466

04072862

04076462

04074678

04070863

04070431

04079507

04074910

04078038

04071102
