/*产品名称：产品test1
产品代码：P201503311519201549
批次号：
订单号：4819814081739327*/

05076758

05072843

05078247

05073838

05077436

05073944

05076399

05075954

05070899

05075819

05079434

05078252

05070059

05074122

05076618

05071651

05078495

05079761

05079694

05078554

05072916

05078942

05070804

05077745

05073974

05075211

05077528

05070079

05075813

05078320

05074737

05076471

05070919

05076028

05070485

05071290

05076451

05071275

05076865

05077302

05073074

05075270

05070679

05077073

05074492

05077799

05077651

05070826

05072934

05074501

05073884

05076089

05072460

05070351

05074261

05072581

05076988

05072504

05076299

05071231

05075413

05075224

05076999

05070502

05076967

05072051

05079596

05075477

05072861

05072499

05073994

05070629

05074290

05077484

05074168

05071647

05075165

05076532

05078468

05075639

05078441

05070909

05074333

05077347

05078036

05073594

05076825

05078377

05071801

05073001

05076520

05070375

05075915

05078864

05077413

05076836

05072924

05078872

05079351

05077552
