/*产品名称：a
产品代码：P201503211523516868
批次号：B201503221402189600
订单号：8024381770797991*/

150322454963

150322574198

150322281697

150322389726

150322887983

150322317239

150322514533

150322749362

150322729318

150322250317

150322713313

150322570767

150322262951

150322190323

150322017666

150322567924

150322877669

150322382535

150322502141

150322328831

150322855826

150322728888

150322160092

150322497739

150322045675

150322031576

150322676680

150322573962

150322655347

150322593245

150322827736

150322783878

150322536353

150322529675
