/*产品名称：长城葡萄酒
产品代码：P201503171309123717
批次号：B201503171311123109
订单号：1629371336090522*/

04037068

04030488

04034546

04033267

04032615

04033027

04038231

04039671

04039765

04034827

04031095

04037183

04035722

04035236

04032419

04039968

04038278

04030588

04035473

04039831

04037899

04034308

04033794

04032513

04039351

04030191

04033734

04032859

04039428

04035697

04031678

04031444

04033185

04032936

04035561

04032421

04036606

04039773

04034130

04039081

04033333

04032609

04030347

04039732

04031759

04033045

04030736

04032307

04030835

04030205
