/*产品名称：臻农燕窝
产品代码：P201503171438458876
批次号：B201503171442406575
订单号：1530764997669004*/

07086645

07087769

07081688

07084028

07087106

07080522

07084884

07083087

07080665

07082113

07086765

07087848

07089887

07082232

07088213

07080408

07089280

07087778

07089451

07087165

07088537

07089079

07083173

07085340

07083784

07082006

07089861

07089684

07080253

07084786

07087853

07084257

07085701

07087133

07085092

07089748

07084198

07085686

07082250

07080367

07086717

07082172

07082140

07081631

07080627

07081858

07086713

07088588

07081057

07083903

07082940

07080690

07083066

07084045

07087413

07080361

07088382

07088495

07082737

07088581

07087298

07089302

07086515

07085619

07088455

07087447

07080945

07081028

07084933

07082349

07081735

07086702

07087930

07083462

07088468

07084852

07088507

07082709

07086516

07089787

07086574

07084661

07086987

07080973

07082669

07086754

07080022

07080027

07085320

07080715

07082497

07082183

07082550

07085573

07084865

07080744

07089400

07084321

07087588

07083965

07082154

07086946

07080082

07085471

07080120

07081402

07084264

07086123

07086679

07085708

07088767

07082474

07083507

07085501

07081326

07086901

07080348

07088366

07084043

07088235

07088601

07086594

07084733

07088332

07087256

07087194

07087243

07082397

07087007

07085476

07084392

07087090

07080077

07085882

07085998

07089128

07084706

07082344

07083509

07089791

07085710

07083770

07089812

07080335

07089526

07081711

07084870

07088429

07086913

07085950

07083960

07083124

07089948

07085623

07082725

07086706

07089720

07089510

07085880

07083634

07080602

07083375

07089837

07083334

07089657

07087578

07085608

07088707

07089654

07089758

07086485

07086412

07086621

07081937

07087463

07085077

07084207

07083366

07085618

07081755

07085472

07087947

07082125

07080587

07088188

07080720

07084327

07081085

07080157

07082347

07085823

07085012

07089164

07087296

07084606

07085840

07087926

07088241

07089665

07084382

07081154

07080537

07088072

07087124

07084767

07087462

07086890

07089679

07088401

07088279

07087529

07080145

07087512

07089635

07089270

07082568

07082471

07086280

07089338

07084237

07085577

07085683

07085838

07083699

07083874

07089408

07080631

07086033

07086832

07088552

07084605

07088615

07083726

07088619

07089933

07080106

07082355

07084241

07088784

07085912

07081184

07081945

07085591

07080793

07080932

07089333

07084095

07085023

07083104

07081887

07089410

07086665

07087371

07084827

07082745

07089407

07082675

07089047

07081333

07086316

07084224

07085622

07087602

07085124

07089562

07080774

07089986

07083425

07080892

07086215

07088810

07089781

07080660

07085575

07089981

07088248

07086028

07083712

07083339

07085878

07082980

07082778

07080789

07085399

07081980

07080679

07087054

07080397

07085260

07084881

07085698

07083762

07086439

07081436

07086750

07088054

07082938

07089311

07084130

07089042

07084876

07088820

07080373

07084188

07088004

07088412

07085716

07080032

07089613

07086954

07088726

07087774

07082426

07089468

07082158

07087094

07081650

07086107

07083059

07081316

07084782

07082147

07082914

07086455

07087635

07087718

07084556

07083643

07089405

07082870

07088549

07085288

07087334

07084794

07085973

07084305

07082334

07083243

07089577

07080675

07080986

07088104

07088023

07088014

07080846

07081122

07089581

07083107

07085978

07086032

07084041

07083551

07088692

07080677

07089238

07084318

07088831

07081407

07083219

07080911

07087821

07089130

07086764

07081412

07084796

07084890

07088306

07088232

07084372

07082580

07088350

07085421

07089660

07086046

07088042

07087022

07080259

07085852

07087131

07082219

07085189

07084720

07084461

07081065

07083486

07080724

07083461

07087098

07085292

07089326

07080828

07089426

07087290

07082439

07088880

07085463

07085932

07082489

07089487

07081124

07082813

07085788

07083501

07089182

07085276

07085974

07082828

07082659

07081018

07082462

07086389

07085006

07086056

07089537

07088338

07089620

07087211

07080555

07083308

07081133

07081411

07084340

07080247

07080231

07080048

07086993

07081037

07082892

07084771

07080484

07087442

07087464

07082266

07085158

07083079

07084334

07085944

07088474

07082576

07081234

07089342

07088463

07082999

07080966

07082647

07081803

07087594

07084741

07083342

07081236

07087068

07086362

07080521

07083627

07084831

07088977

07087420

07089129

07083176

07081744

07081075

07087226

07089875

07083850

07089422

07087687

07082634

07082755

07087182

07088889

07086903

07082030

07086888

07082478

07089132

07086996

07081286

07088002

07081902

07089897

07085281

07085943

07082836

07083725

07081953

07089807

07088787

07089558

07083011

07083038

07088728

07085550

07085714

07081269

07081395

07082692

07082146

07080416

07087161

07085044

07082774

07084246

07084204

07085247

07085050

07083381

07087482

07089965

07084477

07089310

07087823

07088909

07083327

07084488

07084333

07086113

07089829

07089713

07088936

07082036

07082648

07088545

07088571

07088317

07087153

07083292

07085687

07086381

07086561

07081968

07087110

07083752

07084564

07080740

07084553

07080058

07087563

07088971

07088672

07086345

07089232

07082688

07087048

07089971

07080746

07084721

07085099

07084841

07083332

07088221

07084170

07081330

07081608

07086840

07081515

07086100

07089159

07084266

07081277

07086036

07086303

07088173

07086950

07082002

07082293

07080493

07087560

07084527

07084764

07085534

07085107

07083671

07086894

07082456

07088859

07085829

07086802

07083547

07080662

07081350

07085083

07082969

07086318

07082846

07084387

07082079

07080931

07082506

07084116

07084830

07086517

07084367

07080563

07082833

07087836

07085594

07084804

07085409

07088919

07086657

07080244

07080189

07084269

07081348

07082633

07082221

07083301

07085115

07082138

07086168

07087713

07082582

07083126

07084022

07080482

07081720

07086914

07087353

07083915

07084883

07085322

07081880

07088572

07080795

07088754

07083192

07088861

07089545

07089394

07084936

07081594

07084535

07081128

07080569

07088326

07086783

07088675

07086563

07084278

07080111

07086821

07087972

07086035

07088742

07088135

07081225

07083704

07081693

07080636

07089327

07087025

07089650

07084337

07084468

07088030

07082994

07082295

07088630

07085312

07088075

07081878

07083133

07089916

07089218

07080534

07089141

07085546

07088174

07084714

07086850

07087608

07083456

07086167

07089776

07089298

07084752

07083075

07085139

07085383

07080445

07087104

07080046

07087250

07080552

07080598

07084133

07088882

07082819

07085270

07081443

07082679

07083412

07081487

07085768

07086998

07082933

07083459

07080064

07089176

07087352

07081007

07081126

07081823

07080159

07082181

07081430

07083565

07088427

07082898

07087542

07081499

07083135

07087045

07087988

07080703

07082558

07087915

07085916

07086059

07086160

07082591

07084214

07080431

07083537

07080676

07087390

07084232

07083556

07089906

07089742

07082309

07088346

07083680

07088473

07085783

07082130

07087445

07082855

07080791

07081106

07084258

07088434

07082724

07081193

07087747

07080343

07089180

07083512

07085908

07083705

07086575

07087505

07088048

07084670

07084980

07083988

07085064

07089637

07087280

07089901

07085954

07086409

07089321

07085451

07081760

07086190

07087460

07089076

07084572

07088358

07087905

07087283

07082905

07082601

07081108

07084025

07084314

07087042

07085876

07083813

07085367

07087681

07088996

07087323

07085317

07085660

07084537

07080217

07085915

07081264

07081622

07084455

07081372

07082847

07086236

07083676

07084235

07087271

07088276

07086136

07085734

07084847

07087766

07084068

07084394

07082875

07081705

07086133

07083830

07080698

07082890

07083444

07085441

07087257

07087850

07086522

07084078

07082090

07084910

07081939

07080936

07081824

07085075

07084038

07089068

07084336

07088069

07088372

07081094

07089190

07088494

07080206

07080387

07084906

07080683

07083276

07084260

07080013

07089255

07086273

07082671

07086905

07085555

07083637

07085862

07088829

07089802

07087083

07089064

07080223

07087573

07080312

07087077

07085358

07082817

07082571

07081408

07081537

07088778

07089542

07087021

07085484

07086307

07080946

07084487

07089564

07083580

07082305

07082752

07083992

07088610

07086204

07083273

07081626

07083696

07085996

07081486

07089507

07089713

07082615

07085696

07084259

07084796

07085076

07086188

07081321

07087155

07083411
