/*产品名称：菲普迪斯测试用例1
产品代码：菲普迪斯测试用例1自定义产品代码
批次号：B201504021952225576
订单号：1462410757108199*/

04026902

04024217

04020535

04022469

04027455

04028360

04024753

04020514

04022444

04023967

04022780

04027949

04021427

04029919

04028127

04027433

04022659

04028230

04021343

04027472

04029359

04020067

04026679

04020998

04026287

04021834

04028542

04025810

04026326

04025401

04024970

04024352

04026186

04028006

04020582

04025615

04025520

04026926

04029785

04020542

04028588

04024084

04024237

04022696

04029179

04028605

04025803

04021583

04020152

04024785

04029513

04022181

04023468

04023566

04029295

04024511

04027084

04023093

04028387

04025555

04026871

04024267

04028828

04026748

04020819

04028263

04028778

04026980

04020978

04028329

04028852

04029986

04026243

04029960

04029823

04020519

04022707

04021073

04029700

04024036

04021221

04028994

04023572

04021972

04025417

04025321

04022171

04029117

04024654

04021028

04025794

04028709

04024046

04023345

04022183

04023054

04021177

04025448

04029373

04020012

04028765

04023342

04025038

04026897

04026838

04029388

04027603

04022516

04020227

04028260

04021733

04020062

04021614

04025416

04020698

04020167

04029543

04028200

04022654

04024318

04027794

04025989

04025189

04029201

04024927

04025754

04027632

04023474

04022239

04024840

04026766

04020778

04022668

04023910

04022971

04028222

04028527

04029473

04028143

04023297

04028497

04020016

04020002

04026391

04029974

04021592

04027688

04024311

04029207

04020505

04027624

04025468

04023274

04025779

04028627

04020431

04023541

04021827

04025010

04025724

04021523

04026793

04027594

04021150

04024749

04025723

04022820

04020197

04024185

04029320

04020494

04027669

04025235

04022274

04025622

04022467

04021969

04025786

04022888

04027341

04025001

04023845

04024179

04024343

04027841

04025886

04027583

04024984

04029408

04026595

04025198

04025252

04027221

04021725

04024636

04020771

04023928

04020143

04026502

04021171

04028881

04021954

04026210

04022431

04027520

04023174

04025509

04025540

04029749

04027194

04029581

04025788

04021043

04020064

04025376

04024291

04027752

04026761

04020446

04027824

04023301

04023488

04025774

04026072

04022058

04028868

04024619

04022595

04026124

04029845

04029467

04029833

04025112

04026540

04027470

04029838

04023594

04023824

04021208

04026062

04024589

04027932

04028063

04022665

04023622

04028033

04021311

04028922

04026782

04024092

04025250

04027772

04023675

04023556

04022901

04029906

04023201

04025043

04029381

04022934

04023674

04022473

04029223

04024567

04024070

04021994

04026443

04028824

04025407

04028836

04025241

04025399

04025379

04025703

04029803

04026802

04029063

04023501

04021083

04026383

04020843

04024438

04025078

04029328

04021005

04020518

04024416

04023612

04029176

04024028

04020597

04028177

04022600

04024255

04023516

04023443

04023291

04021023

04024811

04026818

04025008

04023453

04029361

04023576

04024754

04025229

04028793

04023509

04020328

04021473

04023418

04022548

04029703

04024053

04027121

04029658

04027908

04022090

04023144

04027526

04022164

04020345

04024658

04027796

04020873

04020560

04029612

04025148

04022319

04022195

04020382

04020777

04021111

04025923

04029128

04026332

04028800

04027378

04020415

04027335

04020435

04025067

04020822

04028670

04023110

04026387

04022325

04029286

04026578

04022989

04026856

04024329

04028484

04023238

04022634

04026800

04022762

04022414

04026420

04028214

04027927

04020996

04023327

04022597

04023048

04024690

04029380

04028864

04024850

04024285

04022695

04028717

04020515

04029608

04020919

04026559

04021982

04024739

04029370

04027773

04028257

04027548

04024430

04022575

04028431

04025984

04029909

04026090

04021236

04021320

04027307

04028187

04029028

04025205

04020422

04026129

04027326

04024465

04028887

04021755

04025140

04026787

04027547

04028413

04024012

04025227

04025406

04027208

04023859

04026311

04026690

04023949

04024610

04028826

04021612

04029009

04028021

04023754

04025942

04024967

04023043

04025760

04022878

04027246

04021223

04025552

04027071

04023533

04020863

04022295

04027864

04029067

04025027

04023428

04029549

04026157

04024065

04024079

04023959

04021310

04028115

04026015

04022436

04025102

04024771

04023689

04025101

04026933

04023707

04024591

04023788

04024064

04023944

04028507

04024964

04021551

04022462

04025275

04026404

04021352

04023667

04028735

04027059

04022555

04022389

04026264

04023313

04029718

04022745

04027185

04026811

04023429

04023326

04020399

04023056

04025630

04022424

04027642

04023510

04029666

04026954

04020554

04029256

04028755

04023193

04022323

04028937

04021456

04027465

04023984

04025735

04028920

04027039

04022172

04027889

04020955

04020972

04027371

04028757

04024687

04026556

04021312

04025192

04025930

04020305

04023880

04029136

04024446

04021071

04022594

04020687

04023025

04025023

04020247

04024612

04023284

04020773

04025469

04029236

04027320

04021831

04022549

04028066

04022071

04028275

04021182

04020161

04029878

04027828

04027768

04025029

04024641

04021373

04029527

04024404

04026993

04025196

04021533

04026493

04028224

04028073

04027625

04028062

04022303

04027020

04021358

04020979

04022932

04020146

04026855

04022658

04021239

04020028

04022092

04028599

04024090

04027843

04020360

04023996

04023262

04022053

04022667

04022070

04024265

04028016

04023346

04024332

04020151

04022961

04028150

04028194

04028899

04026454

04020479

04022221

04029468

04028158

04026047

04026363

04025968

04024086

04021717

04021914

04022805

04022407

04022428

04029604

04028195

04029964

04025076

04023800

04028845

04024440

04026162

04021504

04023796

04020970

04022400

04022095

04020750

04024542

04029855

04026904

04024110

04024360

04021077

04021405

04026232

04028457

04029831

04022296

04026845

04025778

04025888

04029217

04026197

04023295

04028539

04027941

04028378

04027443

04022576

04021256

04027220

04025011

04026445

04022589

04025144

04021634

04025523

04025456

04023023

04023913

04022445

04020022

04021494

04025461

04023551

04026737

04028729

04023195

04029801

04027562

04027427

04022970

04022826

04026042

04021241

04020552

04021254

04022008

04028643

04027227

04022304

04026290

04029216

04020590

04028750

04026095

04029263

04029794

04025388

04023480

04029434

04023573

04022019

04024515

04026463

04022363

04028107

04022952

04023288

04027469

04021762

04029470

04028249

04021947

04024642

04029032

04021127

04022330

04028465

04024713

04028992

04027641

04028447

04023530

04020880

04027291

04029897

04029646

04027593

04029552

04027106

04029474

04029735

04025882

04023985

04023789

04026037

04020215

04021157

04026268

04024415

04024538

04027042

04028681

04029031

04029625

04026790

04023361

04025419

04025551

04020510

04028761

04027316

04026154

04020188

04026318

04024074

04021578

04020251

04025496

04022941

04027167

04021742

04022122

04026671

04026546

04020186

04027656

04023610

04028890

04025632

04028831

04024076

04028086

04022482

04022074

04023934

04028199

04026227

04020137

04028054

04020783

04028684

04029104

04027375

04024436

04025178

04020122

04026499

04020549

04023876

04021707

04022217

04020230

04025000

04022147

04023410

04022137

04028276

04020896

04026050

04029796

04023625

04021670

04026006

04024756

04020958

04029391

04024949

04027159

04023515

04020041

04029929

04028823

04028610

04020715

04023489

04027564

04027856

04028617

04026597

04029372

04028963

04023226

04024387

04026228

04028955

04028404

04024727

04025055

04029498

04023409

04028060

04028119

04022196

04021008

04023479

04024561

04027896

04021529

04029754

04026946

04028055

04020916

04023355

04028706

04029119

04024128

04029326

04024504

04020760

04029051

04023401

04022673

04023793

04029061

04028269

04025351

04023670

04021769

04021492

04027541

04026788

04024519

04027062

04025450

04022897

04026306

04027301

04021589

04023302

04021735

04023869

04021468

04024271

04021530

04022223

04027253

04022603

04026379

04025391

04022063

04022474

04021474

04023748

04026538

04020855

04022161

04024476

04022638

04027294

04023312

04020526

04026251

04029255

04027063

04020409

04023303

04024219

04020255

04021678

04028780

04025896

04021238

04024024

04025025

04029981

04024099

04024176

04023435

04025914

04023680

04024061

04029684

04022791

04025495

04020645

04023074

04026516

04029730

04022531

04025494

04029606

04028470

04027721

04024231

04021570

04024617

04026357

04021988

04022698

04023816

04023761

04027812

04021152

04028147

04028521

04025436

04027640

04028832

04025959

04022049

04028850

04021308

04029432

04026377

04029812

04028608

04029802

04021063

04022736

04026573

04020818

04027627

04020602

04026767

04026523

04029799

04027936

04025381

04028902

04023636

04025089

04027875

04023933

04023438

04020055

04021270

04025557

04024167

04022789

04023918

04022581

04022785

04021169

04024020

04025974

04023846

04023779

04028570

04025763

04021917

04023954

04022651

04024157

04025669

04026769

04027598

04029424

04021680

04022037

04020534

04026504

04024033

04024005

04024304

04027183

04025890

04027855

04020289

04027120

04022737

04028466

04022915

04029722

04024337

04024884

04025504

04028642

04025545

04027732

04020874

04020676

04022732

04029066

04028019

04022447

04024859

04021240

04027342

04026953

04024836

04021597

04022640

04022034

04023425

04028084

04023129

04028409

04028314

04028064

04028595

04025092

04027144

04026065

04029541

04029495
