/*产品名称：1
产品代码：P201510221524167957
批次号：
订单号：8511526886969143*/

010072631098

011082838173

011032734884

010012233448

010012336674

011072735281

011082633076

010012235943

011022239653

011012438296

010042037156

011032130594

010082233413

010082037852

010032137181

011082433713

011042830840

010022730694

011042335972

011042031029

010092934538

011002434861

010042439422

010002731771

011022132409

011002530870

010052737365

011082539232

010032032808

011012938390

010002837297

011042635855

011082237731

010072439830

010072931201

011092136628

011002233745

010022836656

010062133095

010012239905

011012735287

010082837287

010092735880

011042238573

011062134393

010082130363

010002734429

011042832796

010022734117

010062230045

010052139045

010062330175

010062033165

010042637507

010002830246

010052633604

011052236490

011032739619

010022633943

011082535505

011032239075

011002836390

011032134239

010022530558

011032837974

010012438623

010072333841

011022336834

010092237659

011072836280

010032034542

010092739727

011002139353

010072535666

011012333585

010072737097

011092934944

010072631593

011092930591

010042739595

011012632668

011082431629

011022334599

011052034035

011052034752

011052935578

011012630918

011042437591

011042933616

011072237659

010042034058

010062638349

010032531560

011082436882

011052233337

011052637777

010012336023

011002530477

011092339350

010072138845
