/*产品名称：a
产品代码：P201503211523516868
批次号：B201503221402189600
订单号：3953561520929228*/

15033000161412

15033000686590

15033000272057

15033000251450

15033001929229

15033001719629

15033001817833

15033001571553

15033000048126

15033001052863

15033000510423

15033001743292

15033000659210

15033000038396

15033000574381

15033001680689

15033001472442

15033000218613

15033001396295

15033000320170

15033000728009

15033001796090

15033000657801

15033001202012

15033001977772

15033001424419

15033000561222

15033000720819

15033001731205

15033000911723

15033000309730

15033000458201

15033001612987

15033001762403

15033001654137

15033001753588

15033000061857

15033000231206

15033000944429

15033001750285

15033001218263

15033000138860

15033001816195

15033000004628

15033001196408

15033001949078

15033000689711

15033000918762

15033001341230

15033001492456
