/*产品名称：a
产品代码：P201503211523516868
批次号：B201503221402189600
订单号：4463919143181394*/

1503314270

1503316234

1503318019

1503313096

1503310492

1503316607

1503316931

1503312205

1503315023

1503314955

1503314215

1503317153

1503319347

1503318732

1503315996

1503317445

1503313622

1503311903

1503313468

1503313005

1503312542

1503312719

1503319919

1503318231

1503312685

1503313460

1503311255

1503317532

1503315181

1503310778

1503311467

1503317137

1503315201

1503319967

1503313747

1503314355

1503318267

1503314416

1503315138

1503316469

1503313495

1503316286

1503312372

1503319960

1503317531

1503317478

1503315262

1503318022

1503313719

1503319410
