/*产品名称：长城葡萄酒
产品代码：P201503171403116864
批次号：B201503171404582135
订单号：7071077557675514*/

03314740

03311109

03312425

03310702

03311681

03315986

03312580

03316979

03310778

03315798

03311601

03311907

03311486

03314782

03318688

03313417

03315891

03312748

03315477

03311829

03317630

03313926

03314180

03314328

03315722

03316331

03317530

03319144

03319852

03317513

03316654

03314838

03319319

03317988

03319157

03319693

03317763

03316397

03315781

03315218

03319563

03318778

03315629

03317268

03310046

03313214

03313232

03311928

03310261

03312861

0331563423
