/*产品名称：2
产品代码：P201510281818214900
批次号：B201510281823371343
订单号：3541169674662362*/

011062498943

010042097000

011092398572

010072199479

010052099342

011032392388

011092694205

010092795306

010032094772

011022496640

010012293277

011052899795

011072198259

010032893578

010062492222

010032298786

011082998737

010072791042

010062194426

011042493977

010062596528

010042290373

010062397134

011032090499

010072190448

011012592463

010012497996

010002396952

010052397702

010012096881

010042894025

011032791064
