/*产品名称：a
产品代码：P201503211523516868
批次号：B201503221402189600
订单号：9497743098326474*/

1503316616

1503312902

1503310506

1503314823

1503317323

1503317677

1503316184

1503317804

1503313868

1503310014

1503311206

1503312442

1503311679

1503318594

1503315576

1503311582

1503312630

1503310495

1503314927

1503313805

1503311185

1503310219

1503317108

1503316797

1503319322

1503314558

1503311144

1503311389

1503310257

1503315323

1503319405

1503319589

1503315160

1503311496

1503319263

1503310751

1503313221

1503316493

1503312552

1503314307

1503312534

1503314782

1503318112

1503310227

1503316402

1503310035

1503315185

1503319044

1503319578

1503313649

150331751951
