/*产品名称：a
产品代码：P201503211523516868
批次号：B201503221402189600
订单号：5105222081698332*/

150322702790

150322471908

150322182385

150322295862

150322585915

150322010749

150322156994

150322938854

150322385776

150322566107

150322604753

150322436220

150322987386

150322462795

150322034039

150322414436

150322088526

150322530912

150322132469

150322894920

150322265517

150322599469

150322702689

150322943867

150322746505

150322220794

150322307977

150322158145

150322184384

150322703743

150322450853

150322954208

150322148371

150322757742

150322257987

150322378130

150322758503

150322309356

150322833799

150322690405

150322919836

150322753502

150322581162

150322391017

150322681419

150322518769

150322941887

150322314287

150322344789

150322109661

150322813940

150322584963

150322752419

150322798816

150322103970

150322437447

150322253124

150322782460

150322458479

150322929828

150322839009

150322754394

150322018954

150322390609

150322973838

150322456731

150322332655

150322542924

150322123034

150322392009

150322078407

150322353962

150322434072

150322053190

150322270630

150322821182

150322189820

150322470150

150322670841

150322847838

150322443719

150322588333

150322608424

150322186965

150322883648

150322433489

150322823958

150322439705

150322641062

150322049086

150322631099

150322765522

150322314838

150322401843

150322947783

150322688997

150322471399

150322557061

150322705988

150322463660

150322978325

150322267144

150322691049

150322565809

150322135817

150322193218

150322442620

150322260591

150322866636

150322408709

150322503078

150322323783

150322150662

150322863588

150322120449

150322371872

150322058053

150322394058

150322213371

150322740241

150322954112

150322839989

150322351871

150322314326

150322230834

150322268922

150322438710

150322755908

150322552922

150322386267

150322766307

150322127460

150322933928

150322658835

150322932863

150322604910

150322816271

150322942172

150322295354

150322767756

150322433057

150322576314

150322669973

150322967503

150322433038

150322410085

150322311628

150322685163

150322596430

150322621445

150322521545

150322492441

150322316465

150322880880

150322357153

150322402722

150322244243

150322776825

150322347754

150322903193

150322386355

150322933262

150322655933

150322654513

150322120098

150322613971

150322066430

150322249400

150322523296

150322707464

150322429276

150322013056

150322163994

150322131063

150322072875

150322902711

150322538661

150322437561

150322696099

150322065534

150322735714

150322749335

150322975223

150322293784

150322918373

150322394816

150322044900

150322585190

150322789816

150322147132

150322985067

150322794186

150322007435

150322903800

150322719621

150322093223

150322236481

150322476357

150322829452

150322724705

150322534596

150322393267

150322724449

150322802605

150322071731

150322995693

150322324413

150322064159

150322386328

150322736804

150322094470

150322412551

150322952556

150322768587

150322227624

150322160275

150322072723

150322522322

150322851143

150322175444

150322936858

150322413452

150322915989

150322991501

150322490253

150322681558

150322514787

150322043265

150322719143

150322255072

150322387798

150322427831

150322957140

150322630203

150322206696

150322503986

150322882511

150322852792

150322300742

150322008788

150322398593

150322574613

150322096535

150322350567

150322579904

150322637814

150322598500

150322467945

150322828565

150322974104

150322845910

150322279073

150322790905

150322994939

150322091514

150322058630

150322894210

150322174886

150322778696

150322756689

150322066738

150322819517

150322491796

150322936462

150322650961

150322204219

150322297695

150322897896

150322616110

150322721597

150322720461

150322206921

150322807712

150322714643

150322102470

150322823484

150322069411

150322725829

150322074939

150322486624

150322554375

150322749084

150322640578

150322058936

150322190037

150322286267

150322904619

150322995725

150322099704

150322816130

150322030914

150322923579

150322613162

150322913081

150322183461

150322952584

150322334991

150322603851

150322932711

150322057805

150322010397

150322395662

150322808771

150322354573

150322709278

150322966210

150322505211

150322328964

150322852048

150322274777

150322535006

150322013479

150322424759

150322390655

150322883659

150322764525

150322225224

150322030731

150322704942

150322284808

150322681748

150322680047

150322725837

150322467661

150322393375

150322274313

150322034921

150322968810

150322632410

150322890809

150322436632

150322614257

150322077343

150322579864

150322529379

150322954129

150322095501

150322538879

150322052450

150322789377

150322572916

150322187174

150322287762

150322153760

150322528010

150322515210

150322796566

150322931968

150322209731

150322101212

150322813201

150322317757

150322661443

150322932840

150322728734

150322244648

150322754420

150322911793

150322493377

150322876476

150322432500

150322065923

150322094161

150322113867

150322171037

150322946650

150322334614

150322628924

150322869859

150322553812

150322271297

150322351942

150322240498

150322855821

150322830926

150322469748

150322271164

150322499574

150322681836

150322102286

150322477493

150322378939

150322547557

150322783043

150322853004

150322485401

150322851536

150322517596

150322490003

150322479601

150322293399

150322722024

150322431884

150322024196

150322657575

150322400845

150322108576

150322191383

150322418846

150322014830

150322578514

150322487618

150322239219

150322177459

150322479004

150322270927

150322475608

150322064225

150322190261

150322996612

150322531597

150322672154

150322873506

150322982130

150322862048

150322177240

150322413447

150322377716

150322322153

150322632084

150322997567

150322006342

150322708577

150322127201

150322045769

150322495996

150322192779

150322734888

150322716577

150322271727

150322204200

150322825732

150322500021

150322623489

150322449395

150322431486

150322613360

150322853252

150322084565

150322425043

150322832903

150322932516

150322878619

150322699929

150322199204

150322978139

150322077296

150322985088

150322772344

150322775510

150322362275

150322637039

150322911014

150322681342

150322349284

150322622911

150322405338

150322962288

150322305495

150322147390

150322001173

150322183311

150322220496

150322924328

150322154594

150322643994

150322588619

150322777782

150322047455

150322296513

150322298522

150322692498

150322994508

150322639953

150322170370

150322677103

150322147988

150322686376

150322377326

150322344144

150322013718

150322500208

150322150562

150322100499

150322121534

150322312771

150322919732

150322449856

150322700104

150322946160

150322944896

150322982726

150322727281

150322452088

150322584089

150322276067

150322213550

150322035248

150322251644

150322407478

150322402976

150322541883

150322083749

150322099912

150322815294

150322825159

150322773167

150322553223

150322218021

150322372121

150322599633

150322333877

150322067605

150322040812

150322670550

150322803530

150322749583

150322633716

150322741352

150322754468

150322284141

150322417023

150322074111

150322976128

150322846656

150322605121

150322649981

150322315665

150322891170

150322210791

150322756080

150322138440

150322749601

150322823027

150322618061

150322229501

150322548638

150322220417

150322728769

150322207424

150322004382

150322075962

150322298185

150322285504

150322643027

150322999319

150322289623

150322172492

150322415518

150322349287

150322367091

150322197883

150322341112

150322701643

150322464464

150322522143

150322041053

150322395779

150322598181

150322232072

150322740436

150322942594

150322251035

150322303540

150322657395

150322443776

150322384311

150322906422

150322587008

150322474160

150322170398

150322390315

150322796831

150322537993

150322054680

150322929957

150322428919

150322317277

150322690375

150322786231

150322258647

150322597067

150322836914

150322132260

150322636887

150322554080

150322547306

150322850406

150322729952

150322048299

150322808904

150322139312

150322135832

150322316810

150322934062

150322185513

150322314581

150322681860

150322238815

150322734948

150322459230

150322592072

150322054285

150322591054

150322403284

150322157309

150322320208

150322585954

150322482146

150322919530

150322375252

150322583910

150322248252

150322171018

150322222880

150322424721

150322562340

150322590317

150322245013

150322813075

150322839644

150322415608

150322416599

150322093692

150322488400

150322714060

150322543445

150322701077

150322653143

150322859982

150322728003

150322625734

150322687861

150322699486

150322051845

150322321725

150322427439

150322805631

150322115651

150322121653

150322479891

150322360017

150322351211

150322883629

150322471482

150322125607

150322201373

150322106967

150322744882

150322504760

150322821273

150322717666

150322867966

150322774770

150322165466

150322970915

150322154352

150322929749

150322198661

150322259969

150322937944

150322558168

150322834587

150322380574

150322753326

150322390801

150322262445

150322931487

150322047682

150322822369

150322085197

150322736442

150322380470

150322274892

150322604622

150322233364

150322021254

150322775410

150322306134

150322165790

150322516945

150322783920

150322206868

150322754721

150322528454

150322469285

150322514339

150322862942

150322051905

150322571727

150322762604

150322858191

150322329137

150322250270

150322512943

150322405276

150322273498

150322949501

150322225565

150322940862

150322764278

150322101198

150322527555

150322850577

150322179492

150322325301

150322630348

150322125939

150322375639

150322250313

150322468531

150322583327

150322620669

150322981953

150322025883

150322653435

150322324815

150322775517

150322043097

150322230236

150322393382

150322245036

150322388962

150322961105

150322440134

150322503647

150322863871

150322150995

150322498324

150322148106

150322710029

150322763149

150322586521

150322924539

150322277091

150322942904

150322929542

150322927151

150322964421

150322807147

150322818281

150322889230

150322178776

150322646010

150322834835

150322794196

150322963167

150322322061

150322904507

150322635197

150322670274

150322745174

150322839991

150322221104

150322619937

150322552842

150322432998

150322758738

150322438824

150322644158

150322936072

150322704463

150322470327

150322668411

150322994673

150322769615

150322081258

150322299364

150322412956

150322531540

150322658743

150322271879

150322790433

150322401278

150322116286

150322838533

150322843745

150322344120

150322278823

150322035855

150322137416

150322557163

150322953761

150322150645

150322995707

150322243169

150322700355

150322840484

150322466972

150322628007

150322172807

150322615016

150322464604

150322067285

150322330261

150322857781

150322648712

150322551508

150322196575

150322787119

150322432084

150322093640

150322545220

150322393848

150322234725

150322524529

150322255721

150322002169

150322241229

150322171784

150322081782

150322778104

150322031965

150322457526

150322708923

150322476415

150322656813

150322309092

150322426408

150322013546

150322260111

150322192587

150322853849

150322521495

150322670169

150322811399

150322498172

150322063915

150322991411

150322099674

150322532614

150322149982

150322012106

150322837815

150322799810

150322446581

150322179307

150322394931

150322798688

150322196184

150322584739

150322697215

150322765311

150322079043

150322255606

150322915371

150322606184

150322370676

150322482174

150322426607

150322611270

150322239286

150322513289

150322884555

150322143391

150322492225

150322239448

150322865440

150322703240

150322748884

150322447765

150322334645

150322198616

150322112607

150322397157

150322378110

150322180631

150322689574

150322030929

150322408345

150322700505

150322712356

150322542911

150322817893

150322622232

150322169019

150322801411

150322364713

150322712311

150322396026

150322496601

150322072173

150322435646

150322943989

150322685766

150322626487

150322767693

150322380283

150322852372

150322374129

150322627716

150322948089

150322018452

150322592960

150322349173

150322798640

150322708693

150322466067

150322940016

150322505110

150322162983

150322748461

150322453217

150322204542

150322266285

150322178016

150322507894

150322647535

150322984320

150322300192

150322480069

150322411391

150322146499

150322376720

150322238152

150322133148

150322929777

150322419235

150322460222

150322830508

150322604831

150322448315

150322961801

150322728975

150322507243

150322959254

150322957594

150322591886

150322855655

150322982489

150322914359

150322155772

150322686109

150322857294

150322237050

150322316034

150322642800

150322039791

150322836591

150322129559

150322337070

150322057117

150322561805

150322821555

150322761438

150322036287

150322847027

150322779426

150322004925

150322515274

150322430989

150322205812

150322876797

150322757288

150322930098

150322119493

150322767269

150322491108

150322450789

150322686717

150322967710

150322795244

150322247406

150322560725

150322019728

150322880040

150322655495

150322887573

150322596740

150322543936

150322215765

150322693764

150322211453

150322526331

150322422609

150322716724

150322048565

150322871998

150322847673

150322284267

150322016990

150322146119

150322806810

150322491708

150322942770

150322214724

150322594136

150322297813

150322770079

150322338238

150322445507

150322050994

150322056195

150322507390

150322361985

150322645842

150322713053

150322406841

150322543744

150322550046

150322376243

150322017885

150322414942

150322268772

150322048959

150322807437

150322122168

150322340864

150322069379

150322309485

150322965358

150322452432

150322222542

150322018868

150322417810

150322822023

150322109200

150322484554

150322266199

150322048121

150322753562

150322795839

150322184818

150322954475

150322303176

150322609708

150322858352

150322389301

150322685119

150322403752

150322520433

150322976305

150322709501

150322003187

150322174522

150322209975

150322921638

150322929354

150322568875

150322034288

150322192465

150322557043

150322686702

150322772491

150322433686

150322192827

150322201773

150322952586

150322660582

150322170768

150322683664

150322519887

150322870591

150322885285

150322169695

150322528307

150322295964

150322460723

150322787060

150322731729

150322539818

150322475877

150322187008

150322870548

150322786267

150322107484

150322930446

150322492665

150322971640

150322241060

150322648703

150322572013

150322669316

150322860283

150322475299

150322829769

150322505120

150322141563

150322441197

150322294713

150322667572

150322179659

150322855951

150322328864

150322909348

150322001561

150322922502

150322921797

150322670492

150322255521

150322873022

150322786470

150322687655

150322731612

150322588101

150322932387

150322121355

150322674829

150322300935

150322353792

150322768738

150322424083

150322102100

150322773034

150322512592

150322870938

150322366834

150322025321

150322864568

150322996369

150322691373

150322797345

150322534637

150322412529

150322026271

150322167227

150322052495

150322244155

150322437775

150322185616

150322975083

150322261289

150322359155

150322966553

150322309348

150322283736

150322681380

150322529738

150322565872

150322447664

150322383860

150322995772

150322932844

150322582089

150322281352

150322960814

150322251651

150322657718

150322080023

150322471332

150322507807

150322584598

150322459766

150322177914

150322049655

150322509858

150322045876

150322545503

150322623642

150322414962

150322120893

150322772553

150322415876

150322626933

150322630832

150322272168

150322072602

150322599493

150322895716

150322803133

150322376146

150322843163

150322405459

150322373365

150322290508

150322147044

150322925667

150322831216

150322764529

150322157764

150322939365

150322504273

150322798180

150322742873

150322030826

150322848556

150322396914

150322229209

150322959707

150322262715

150322926641

150322984362

150322169663

150322111371

150322970852

150322148293

150322161774

150322879386

150322748954

150322394155

150322843531

150322557143

150322401584

150322965479

150322819704

150322105616

150322879525

150322466376

150322218561

150322835800

150322496319

150322669352

150322984557

150322799989

150322085012

150322373124

150322879891

150322343886

150322907381

150322781179

150322810717

150322344293

150322997598

150322287754

150322182403

150322538253

150322473568

150322410845

150322400904

150322154992

150322505440

150322003626

150322764741

150322894410

150322234817

150322910359

150322729842

150322450128

150322111679

150322722761

150322326570

150322787170

150322074225

150322170058

150322108402

150322604463

150322509371

150322130358

150322092510

150322033046

150322241763

150322140112

150322268572

150322260627

150322857511

150322118084

150322645289

150322313941

150322876624

150322152328

150322797656

150322535673

150322593261

150322289935

150322884560

150322660275

150322652269

150322600500

150322340034

150322235510

150322438540

150322688324

150322236208

150322483264

150322111123

150322194544

150322678231

150322336871

150322662081

150322769379

150322979159

150322722208

150322398889

150322670367

150322367079

150322712749

150322335957

150322503956

150322264505

150322695900

150322599541

150322496557

150322127611

150322053500

150322326233

150322368461

150322618012

150322092850

150322579421

150322486874

150322902374

150322437621

150322391666

150322117211

150322451648

150322153516

150322369455

150322254110

150322032447

150322109223

150322171409

150322092817

150322125058

150322997115

150322509258

150322176296

150322060943

150322293899

150322684419

150322161314

150322137742

150322204498

150322088895

150322568522

150322653436

150322608484

150322781130

150322487043

150322693683

150322289123

150322310229

150322916714

150322211845

150322861200

150322391156

150322180612

150322573643

150322231270

150322212703

150322638085

150322601917

150322359375

150322040799

150322238884

150322193484

150322664714

150322982974

150322564153

150322719944

150322549239

150322173106

150322377696

150322040458

150322390313

150322356547

150322945104

150322767369

150322938601

150322988024

150322941916

150322519446

150322405327

150322140933

150322706866

150322303535

150322743651

150322754965

150322154195

150322560385

150322433604

150322256507

150322247497

150322965157

150322667632

150322662014

150322388073

150322343962

150322143269

150322503953

150322943684

150322701009

150322642103

150322403372

150322131941

150322107898

150322394539

150322635093

150322415781

150322563955

150322898724

150322413660

150322364455

150322615980

150322191943

150322493145

150322919164

150322570736

150322727247

150322624920

150322827351

150322036918

150322541646

150322119702

150322605086

150322418048

150322421025

150322097390

150322715620

150322053928

150322846563

150322148698

150322120829

150322562301

150322561984

150322225867

150322756327

150322877270

150322308191

150322441052

150322698325

150322373964

150322503885

150322083356

150322471293

150322507434

150322233938

150322794689

150322101456

150322355500

150322154997

150322214264

150322264046

150322654367

150322631654

150322095293

150322449554

150322090277

150322062400

150322370253

150322230845

150322166763

150322196390

150322657951

150322744027

150322275020

150322835428

150322193048

150322599200

150322880406

150322730831

150322771398

150322494748

150322037949

150322786310

150322874259

150322073027

150322567395

150322698166

150322074087

150322458628

150322782163

150322799906

150322116847

150322150108

150322397343

150322734260

150322396299

150322752604

150322977559

150322275580

150322272726

150322747179

150322848538

150322660631

150322229585

150322770072

150322545332

150322464971

150322838401

150322127359

150322988008

150322268097

150322227511

150322207440

150322968587

150322462415

150322018503

150322936755

150322350622

150322846176

150322931979

150322232685

150322247469

150322399691

150322538651

150322222431

150322727444

150322224123

150322944590

150322944899

150322005593

150322662299

150322354271

150322149275

150322704538

150322031158

150322185701

150322818772

150322385780

150322850597

150322320793

150322977226

150322392549

150322761804

150322339003

150322477185

150322715170

150322552904

150322175750

150322953790

150322766674

150322711979

150322507736

150322928032

150322262339

150322141424

150322185924

150322564085

150322257599

150322807521

150322907817

150322875594

150322157820

150322048223

150322356953

150322959738

150322827857

150322712282

150322797557

150322402678

150322031648

150322653014

150322983146

150322508851

150322320499

150322457097

150322924551

150322200143

150322668075

150322103943

150322004278

150322527212

150322970622

150322732904

150322825525

150322161367

150322087163

150322156789

150322460622

150322568537

150322171425

150322239459

150322095093

150322192894

150322313503

150322098494

150322750848

150322382794

150322473069

150322825196

150322779324

150322812198

150322559982

150322601087

150322459470

150322228252

150322068157

150322431134

150322339280

150322323446

150322969542

150322128550

150322077613

150322135941

150322505860

150322560112

150322618238

150322744161

150322375004

150322971867

150322966774

150322133205

150322370319

150322905528

150322453251

150322053726

150322675362

150322066544

150322381442

150322996897

150322936878

150322665546

150322176677

150322623560

150322862476

150322621722

150322172751

150322198448

150322229870

150322128235

150322203176

150322090204

150322183852

150322953578

150322285560

150322713711

150322949688

150322755388

150322197369

150322165480

150322709807

150322743513

150322169291

150322130139

150322539609

150322704154

150322585002

150322330948

150322018635

150322934449

150322504811

150322230540

150322481262

150322585847

150322569890

150322267427

150322257780

150322669204

150322040618

150322339157

150322844422

150322051821

150322318865

150322623478

150322068880

150322911960

150322268258

150322138078

150322509798

150322350053

150322676782

150322977619

150322331672

150322981374

150322661174

150322775480

150322511996

150322642575

150322107447

150322123640

150322648279

150322256318

150322937682

150322920301

150322859378

150322525976

150322374711

150322040270

150322353117

150322201238

150322102835

150322128945

150322019335

150322990978

150322208849

150322335718

150322696522

150322087404

150322859543

150322782747

150322673819

150322240927

150322805874

150322174851

150322599514

150322278226

150322798539

150322288373

150322462466

150322200617

150322961833

150322219204

150322828602

150322352196

150322913862

150322941296

150322456665

150322885688

150322478131

150322514394

150322979869

150322984065

150322264893

150322625790

150322151885

150322148446

150322385634

150322983888

150322059834

150322645571

150322381277

150322038733

150322930329

150322079532

150322221359

150322807858

150322358390

150322208351

150322346554

150322953008

150322930633

150322812798

150322717386

150322148181

150322998135

150322717296

150322692940

150322118491

150322459391

150322549139

150322906843

150322587891

150322888893

150322419207

150322889054

150322741235

150322022588

150322537530

150322478041

150322771573

150322287128

150322805750

150322315069

150322020325

150322065298

150322492466

150322546333

150322444308

150322592264

150322164112

150322893700

150322596279

150322681288

150322980059

150322071670

150322515260

150322208670

150322959023

150322278765

150322544250

150322420628

150322376771

150322004185

150322578651

150322519438

150322477647

150322652967

150322619850

150322894710

150322738042

150322400095

150322061513

150322039010

150322526992

150322252130

150322119247

150322561431

150322725525

150322538280

150322727775

150322946474

150322079361

150322326689

150322731242

150322036608

150322712348

150322490487

150322421987

150322955987

150322938354

150322617738

150322120718

150322096870

150322161176

150322694199

150322297998

150322177312

150322555200

150322345007

150322994042

150322476180

150322980600

150322676869

150322528339

150322613525

150322123561

150322535402

150322704281

150322625570

150322184858

150322619418

150322035989

150322185992

150322808191

150322840479

150322821640

150322692301

150322521654

150322187582

150322289118

150322133537

150322163573

150322006189

150322551827

150322981480

150322859294

150322097348

150322551476

150322003944

150322210865

150322171052

150322732077

150322535246

150322841121

150322504775

150322195983

150322493414

150322535946

150322930106

150322551680

150322261182

150322830100

150322290142

150322171323

150322534702

150322259799

150322938084

150322810052

150322262019

150322637927

150322400721

150322909073

150322618044

150322693618

150322927327

150322999968

150322228656

150322637425

150322466716

150322897990

150322063857

150322169967

150322187779

150322449843

150322164598

150322823929

150322237798

150322877949

150322266065

150322886225

150322270591

150322048676

150322334650

150322134174

150322065858

150322339340

150322532827

150322960004

150322251099

150322269070

150322473660

150322185637

150322159209

150322447630

150322970956

150322250686

150322699376

150322944462

150322491565

150322339486

150322376118

150322317890

150322737575

150322641125

150322126111

150322486383

150322010818

150322837310

150322313182

150322343477

150322074508

150322587824

150322599272

150322086704

150322016192

150322445880

150322696010

150322896707

150322659977

150322966778

150322973028

150322115809

150322708120

150322736054

150322828370

150322900947

150322314530

150322535663

150322884326

150322338050

150322553231

150322944074

150322353936

150322974585

150322757853

150322252858

150322603339

150322714668

150322474122

150322128283

150322035790

150322201079

150322002092

150322424000

150322120398

150322516583

150322046051

150322001329

150322629028

150322597885

150322193920

150322277600

150322127430

150322621697

150322069874

150322948646

150322884695

150322581588

150322544255

150322876337

150322838999

150322908396

150322494201

150322520854

150322126700

150322462759

150322449804

150322154394

150322463264

150322725479

150322107781

150322383417

150322200789

150322083737

150322532825

150322769813

150322733228

150322889406

150322283608

150322922064

150322876850

150322810546

150322286212

150322310059

150322620163

150322556981

150322110627

150322168492

150322013562

150322159627

150322031595

150322231559

150322618779

150322527734

150322203512

150322254271

150322546259

150322021003

150322222984

150322004861

150322403740

150322656687

150322945410

150322692396

150322822353

150322174913

150322453093

150322690711

150322189235

150322475142

150322630649

150322701424

150322465543

150322933784

150322619969

150322442490

150322866916

150322369085

150322849798

150322729809

150322562126

150322241509

150322721545

150322755207

150322289958

150322291503

150322914826

150322604313

150322834269

150322653234

150322478118

150322230571

150322518576

150322407269

150322247768

150322041640

150322978573

150322431049

150322906258

150322759414

150322831590

150322256465

150322870393

150322526530

150322993589

150322812265

150322752382

150322803275

150322191924

150322429928

150322721355

150322258447

150322633390

150322045646

150322361692

150322275979

150322016368

150322873686

150322770525

150322084232

150322550078

150322403619

150322674719

150322587065

150322182360

150322053538

150322052829

150322329809

150322136128

150322883975

150322366539

150322113226

150322310292

150322470909

150322080288

150322372752

150322277825

150322281250

150322941747

150322008165

150322538763

150322345666

150322641406

150322408733

150322696785

150322097445

150322852068

150322344182

150322779870

150322621513

150322293627

150322731917

150322454290

150322157229

150322813172

150322622397

150322650571

150322575071

150322344573

150322087183

150322899006

150322294297

150322300069

150322803465

150322034112

150322649774

150322508708

150322330069

150322364387

150322906766

150322480240

150322643793

150322710163

150322744110

150322468437

150322633489

150322899186

150322302612

150322813891

150322037795

150322787799

150322687103

150322176764

150322557478

150322198279

150322793346

150322768162

150322521353

150322652560

150322570890

150322012495

150322397863

150322547403

150322163590

150322686817

150322314473

150322529644

150322372740

150322755756

150322947032

150322766340

150322670501

150322719341

150322437378

150322542411

150322413338

150322329174

150322044557

150322889498

150322325162

150322671907

150322008739

150322743200

150322034399

150322514103

150322711946

150322382915

150322427131

150322134130

150322666670

150322378920

150322880720

150322849291

150322030799

150322901118

150322325918

150322059056

150322410095

150322978397

150322088892

150322755077

150322985724

150322035851

150322886455

150322152094

150322482317

150322409278

150322713824

150322340270

150322270031

150322969305

150322333543

150322873857

150322061959

150322195141

150322753716

150322530716

150322150297

150322119819

150322938020

150322748132

150322343732

150322830734

150322322558

150322262542

150322274788

150322604865

150322011261

150322058845

150322200388

150322066059

150322622722

150322831192

150322131416

150322107655

150322483998

150322652527

150322686928

150322784420

150322904531

150322690579

150322230567

150322377417

150322838878

150322659134

150322701971

150322943263

150322840440

150322044634

150322464805

150322989781

150322685247

150322949307

150322609596

150322990611

150322700503

150322249456

150322519431

150322606647

150322718946

150322786508

150322632652

150322387092

150322818985

150322135969

150322576069

150322940523

150322483029

150322418352

150322370329

150322024600

150322371641

150322228141

150322845520

150322951960

150322060171

150322441373

150322809677

150322140078

150322059769

150322103338

150322534251

150322241389

150322278426

150322333162

150322449380

150322833166

150322876726

150322581519

150322095954

150322532777

150322438343

150322913019

150322510775

150322745348

150322555019

150322062123

150322058783

150322141377

150322151474

150322748656

150322169646

150322927324

150322801331

150322688731

150322811250

150322411392

150322584376

150322190332

150322117714

150322975115

150322535584

150322191057

150322614766

150322303692

150322967207

150322163728

150322162203

150322362575

150322581532

150322513184

150322180146

150322753181

150322114513

150322067310

150322828133

150322824603

150322070112

150322250184

150322513146

150322958718

150322584704

150322448214

150322342731

150322617565

150322672663

150322344852

150322214337

150322044398

150322618226

150322616181

150322167194

150322283509

150322796594

150322985660

150322421407

150322849288

150322287884

150322704532

150322647041

150322643986

150322683458

150322284587

150322796443

150322681363

150322585383

150322969795

150322880332

150322957803

150322634253

150322657882

150322934527

150322670068

150322187496

150322494783

150322120347

150322194272

150322048560

150322266505

150322729158

150322432289

150322473813

150322586933

150322479260

150322943716

150322348648

150322650838

150322209030

150322469013

150322525471

150322590799

150322666090

150322735948

150322459444

150322782400

150322928974

150322374834

150322976507

150322452703

150322153594

150322087025

150322036371

150322019341

150322371567

150322599736

150322566464

150322213219

150322954837

150322958339

150322244013

150322483689

150322790137

150322422982

150322655441

150322776018

150322906017

150322896556

150322781067

150322206646

150322537095

150322815200

150322532548

150322537199

150322221505

150322104289

150322621933

150322547704

150322435403

150322692190

150322995269

150322021831

150322311576

150322132767

150322738831

150322533294

150322489054

150322119345

150322529758

150322420832

150322796790

150322326617

150322501774

150322308947

150322967450

150322664753

150322448361

150322056258

150322641463

150322566311

150322138324

150322499015

150322379351

150322465518

150322909174

150322850128

150322582717

150322077813

150322199923

150322906916

150322123318

150322989060

150322419916

150322931666

150322989277

150322629500

150322278182

150322798557

150322016461

150322330561

150322395191

150322801969

150322272216

150322450303

150322225218

150322123214

150322372202

150322136354

150322818574

150322489250

150322169410

150322613134

150322676396

150322464437

150322687355

150322004699

150322617987

150322009838

150322443901

150322089911

150322296384

150322778441

150322401367

150322867790

150322588255

150322669475

150322107594

150322071386

150322729057

150322574631

150322177759

150322605817

150322087087

150322161955

150322538761

150322962269

150322331463

150322908009

150322461048

150322473135

150322373579

150322557760

150322349126

150322903266

150322431204

150322695628

150322462224

150322732155

150322147311

150322279535

150322867701

150322624776

150322632019

150322248832

150322459138

150322882216

150322247034

150322225351

150322591173

150322193415

150322296073

150322492119

150322789154

150322501297

150322319655

150322480812

150322383145

150322005200

150322038531

150322258814

150322313025

150322651244

150322822556

150322158304

150322874306

150322999716

150322928758

150322252492

150322335239

150322027708

150322647014

150322876787

150322387344

150322410933

150322860390

150322596772

150322686352

150322920198

150322626470

150322856933

150322717652

150322670304

150322264296

150322438104

150322324740

150322552751

150322463132

150322086514

150322549671

150322483236

150322715647

150322779241

150322032912

150322653211

150322191340

150322077287

150322449003

150322133997

150322318042

150322515042

150322741319

150322991938

150322676421

150322251372

150322630560

150322768326

150322322548

150322197625

150322696814

150322248500

150322280784

150322561803

150322205457

150322329658

150322376042

150322377169

150322013954

150322522710

150322234043

150322069890

150322258329

150322901442

150322804833

150322264601

150322448416

150322218796

150322561236

150322082866

150322738636

150322139701

150322928995

150322303619

150322784913

150322822234

150322237100

150322760129

150322536426

150322283727

150322895841

150322923333

150322762419

150322286011

150322039310

150322756340

150322351787

150322201809

150322427699

150322984619

150322095530

150322496925

150322996000

150322428251

150322640478

150322138426

150322817988

150322263871

150322827588

150322125355

150322821499

150322249333

150322442522

150322257478

150322385755

150322359992

150322700615

150322692056

150322925152

150322882436

150322268428

150322258127

150322354881

150322503581

150322045087

150322878318

150322998109

150322314919

150322257909

150322525893

150322017895

150322835002

150322639431

150322122757

150322222050

150322571811

150322286002

150322977589

150322361062

150322561458

150322096809

150322115073

150322383070

150322181930

150322059378

150322320289

150322373673

150322549371

150322355216

150322252400

150322388809

150322945269

150322323221

150322605222

150322515887

150322553502

150322555079

150322494088

150322981384

150322947683

150322602087

150322934059

150322392124

150322544944

150322125905

150322776864

150322489647

150322782881

150322852493

150322810688

150322702076

150322580572

150322126317

150322628169

150322160031

150322443939

150322720538

150322892023

150322478268

150322281554

150322142845

150322731976

150322776921

150322314293

150322479114

150322716851

150322820095

150322898460

150322779853

150322896866

150322010326

150322725826

150322619214

150322921727

150322886729

150322922520

150322086398

150322092774

150322093906

150322462787

150322145852

150322602804

150322543367

150322098149

150322565425

150322440908

150322385045

150322101029

150322846233

150322038843

150322009367

150322037302

150322133911

150322671368

150322387910

150322066741

150322499458

150322037643

150322095887

150322994148

150322859559

150322238039

150322380191

150322155219

150322558322

150322609976

150322855990

150322383855

150322083782

150322048695

150322960286

150322474693

150322895331

150322925928

150322486825

150322947939

150322559390

150322920735

150322624999

150322337132

150322118518

150322943554

150322821281

150322113830

150322253314

150322576534

150322683052

150322514841

150322177079

150322604544

150322535373

150322481755

150322889515

150322289288

150322916302

150322104851

150322085500

150322384496

150322257266

150322226277

150322928899

150322630128

150322428643

150322974653

150322792862

150322027409

150322617786

150322101829

150322449368

150322641729

150322677938

150322046068

150322607191

150322908037

150322161896

150322846826

150322706606

150322350697

150322875134

150322934214

150322294659

150322650308

150322408180

150322780713

150322905938

150322005831

150322985608

150322327402

150322670403

150322932836

150322268638

150322125263

150322614278

150322467180

150322175278

150322255392

150322228350

150322180595

150322496165

150322616307

150322207109

150322279244

150322640159

150322835708

150322389619

150322877199

150322472483

150322522432

150322983349

150322819474

150322515709

150322267324

150322417423

150322153921

150322500694

150322000539

150322199426

150322840055

150322071728

150322519027

150322517042

150322892873

150322273241

150322693608

150322573594

150322397587

150322845544

150322632594

150322646494

150322800729

150322432674

150322575040

150322691798

150322628685

150322579977

150322498838

150322924021

150322134531

150322595127

150322473647

150322980661

150322342573

150322669295

150322204387

150322636328

150322639696

150322427681

150322665547

150322921796

150322684616

150322812491

150322281197

150322519519

150322870762

150322137950

150322455788

150322458015

150322589146

150322278416

150322228411

150322778820

150322772660

150322085276

150322049864

150322231829

150322006770

150322605390

150322151848

150322012082

150322014097

150322262368

150322829431

150322615180

150322695613

150322894579

150322969338

150322254611

150322995484

150322945352

150322126395

150322692454

150322199991

150322958116

150322674334

150322938359

150322845387

150322397732

150322403227

150322644649

150322007014

150322499133

150322225269

150322449489

150322167729

150322655695

150322388621

150322496755

150322987460

150322253665

150322663643

150322327362

150322422303

150322310541

150322347226

150322749831

150322898372

150322216603

150322664577

150322887182

150322310974

150322127266

150322368272

150322248708

150322223327

150322374567

150322160034

150322770513

150322831030

150322755200

150322980793

150322506382

150322455703

150322495376

150322477670

150322995096

150322788172

150322207566

150322538358

150322895630

150322367623

150322829973

150322952341

150322468083

150322451136

150322919088

150322661636

150322327055

150322291711

150322370672

150322772841

150322304724

150322254767

150322996593

150322103044

150322772008

150322159239

150322725905

150322285208

150322835283

150322610995

150322400242

150322265141

150322635484

150322102894

150322224690

150322816160

150322215661

150322765553

150322351433

150322989759

150322628321

150322570335

150322686534

150322579749

150322221563

150322057902

150322003108

150322092286

150322232683

150322053795

150322373326

150322868587

150322430358

150322120207

150322420425

150322674338

150322698738

150322313494

150322072308

150322299376

150322744157

150322380366

150322709838

150322447840

150322180908

150322473895

150322108019

150322674024

150322967467

150322040832

150322965973

150322298214

150322280237

150322515226

150322877079

150322771619

150322197182

150322966547

150322427506

150322291544

150322505553

150322280951

150322197217

150322084403

150322581628

150322947410

150322615973

150322576496

150322054310

150322588148

150322778958

150322303560

150322310295

150322102388

150322458301

150322880751

150322977158

150322684373

150322092300

150322635334

150322265192

150322468291

150322588948

150322763455

150322712258

150322500237

150322805428

150322108255

150322898805

150322155922

150322972670

150322423605

150322315987

150322656069

150322139668

150322428392

150322715035

150322093950

150322726121

150322020034

150322855002

150322000193

150322142947

150322526326

150322514260

150322864366

150322770131

150322342625

150322527929

150322541999

150322229852

150322728944

150322592180

150322164072

150322705866

150322079149

150322478819

150322363194

150322326185

150322501401

150322384536

150322452230

150322275507

150322359419

150322172031

150322982115

150322534456

150322961587

150322981653

150322244727

150322504380

150322026767

150322197129

150322565220

150322606530

150322231059

150322772357

150322215878

150322900715

150322622814

150322265246

150322358129

150322081439

150322465231

150322303971

150322714411

150322833302

150322336160

150322127646

150322353953

150322172359

150322944818

150322876066

150322751845

150322923920

150322984411

150322587756

150322985454

150322098767

150322357407

150322490364

150322413330

150322370385

150322084946

150322779733

150322713136

150322755123

150322275811

150322664731

150322515213

150322560289

150322270347

150322704078

150322846394

150322818509

150322752659

150322827651

150322792753

150322908851

150322111744

150322716027

150322485426

150322286170

150322370493

150322343953
