/*产品名称：1
产品代码：P201510221525279838
批次号：B201510221525566829
订单号：1749254647866153*/

10229590

10224235

10228340

10221810

10229479

10222990

10225002

10221394

10223172

10224944

10226757

10223099

10224421

10225547

10221711

10225110

10222132

10228605

10228193

10223780

10229734

10226839

10222689

10227409

10223216

10227755

10220727

10222693

10227598

10227969

10224424

10225770

10229860

10225867

10227073

10229628

10222784

10223540

10229745

10223893

10227291

10222983

10229197

10222000

10225541

10229385

10228469

10229354

10229796

10224774

10221982

10225750

10221660

10226444

10227822

10227473

10227521

10224516

10227868

10220891

10222145

10227893

10220721

10222280

10227841

10220205

10226769

10221142

10228614

10220534

10227230

10220167

10225955

10223308

10227381

10228948

10220440

10221199

10224517

10227229

10223268

10222372

10228895

10229078

10228036

10222636

10222564

10220764

10220548

10221310

10223278

10220853

10225250

10225861

10220919

10222818

10223256

10228542

10227744

10229540
