/*产品名称：a
产品代码：P201503211523516868
批次号：B201503221402189600
订单号：3928778118103789*/

150322889397

150322316670

150322763173

150322199348

150322425758

150322255136

150322521260

150322884302

150322885877

150322390410

150322436342

150322419981

150322692976

150322489241

150322640817

150322924963

150322487749

150322813480

150322226473

150322872036

150322988127

150322594086

150322637890

150322623846

150322977685

150322320063

150322525745

150322758385

150322674380

150322888815

150322790458

150322207428

150322150325

150322100659

150322637213

150322097387

150322261683

150322505599

150322866709

150322047916

150322632946

150322548780

150322306171

150322989861

150322959442

150322264875

150322562683

150322477972

150322951389

150322191264
