/*产品名称：长城葡萄酒
产品代码：P201503171403116864
批次号：B201503171404582135
订单号：1989702431613115*/

03312171

03310538

03318755

03319997

03313365

03315662

03312734

03317059

03313113

03312284

03313347

03317909

03313078

03317179

03313903

03318235

03317036

03318190

03311495

03318938

03310016

03316172

03317618

03314761

03316000

03317220

03315656

03311586

03313266

03312588

03311765

03317428

03318232

03317074

03311431

03315717

03317364

03311481

03314882

03312797

03311535

03312490

03313503

03312594

03319363

03316230

03310655

03314719

03311573

03316134

03318825

03313928

03311871

03316168

03317833

03316197

03319648

03315478

03310428

03311001

03316778

03316467

03311596

03317128

03315163

03318381

03311262

03318026

03313433

03312441

03310277

03319364

03315076

03312946

03317728

03311122

03315755

03318240

03311427

03317195

03317470

03319864

03316450

03313143

03314936

03314872

03315852

03310656

03317780

03313394

03312249

03317495

03311338

03319422

03319502

03317920

03314790

03312987

03315620

03313254

03312451
