/*产品名称：长城葡萄酒
产品代码：P201503171309123717
批次号：B201503171311123109
订单号：2719933497843188*/

150317733321

150317098318

150317777123

150317485345

150317373568

150317896275

150317127975

150317034648

150317400349

150317849588

150317693035

150317620644

150317897498

150317667002

150317359367

150317463158

150317003604

150317344571

150317759886

150317288251

150317250650

150317056511

150317580900

150317259228

150317564054

150317174691

150317956568

150317409783

150317652164

150317790246

150317555787

150317988233

150317262962

150317357558

150317158497

150317166243

150317396388

150317169821

150317040358

150317210565

150317793479

150317712861

150317994171

150317985732

150317157341

150317389309

150317684488

150317657743

150317455201

150317146432
