/*产品名称：长城葡萄酒
产品代码：P201503171403116864
批次号：B201503171404582135
订单号：9691715425235342*/

07081849

07080971

07080190

07081338

07082623

07082128

07080078

07081386

07086525

07084366

07085380

07086103

07083745

07086370

07082061

07082285

07080044

07088770

07082288

07081418

07084809

07086795

07085945

07087282

07085579

07089919

07084245

07086047

07082074

07081807

07084002

07089037

07088559

07087330

07081850

07088585

07088297

07084108

07089240

07081134

07080956

07083396

07085764

07083115

07086879

07080839

07087245

07088761

07082450

07080668

07082650

07086349

07086474

07088498

07081502

07087832

07085132

07088593

07080357

07087638

07083188

07088063

07089177

07084660

07085231

07089155

07089313

07084525

07086004

07082480

07080577

07080341

07083443

07087322

07080171

07086466

07086175

07086937

07081219

07084398

07086947

07088302

07087582

07082253

07087985

07085205

07082461

07087114

07085359

07087777

07082923

07083397

07088333

07081070

07080652

07083659

07084832

07087248

07080646

07088065
