22012526164777019756
73151183449599039417
79550912019575139564
66883627614647340940
54452719879090768891
49588623564618699410
29093310601018779704
86684662080323893664
90321179414960251769
72065833940699935566
88787604945989986198
24190166574725377052
02205175100288635062
61471334617545280464
59210699434330276281
70749990206966772465
48707139596907759417
63122417303038428646
95293706465104031007
41059609931626727331
66401217868906669735
36672525386114977116
15245786115918608215
48161965937434061957
